9,3,900.197,229.537,48.152,32.638,1,-1,-1,-1
10,3,900.950,230.332,47.428,32.148,1,-1,-1,-1
11,3,901.703,231.127,46.705,31.658,1,-1,-1,-1
12,3,902.455,231.923,45.982,31.168,1,-1,-1,-1
13,3,903.208,232.718,45.259,30.678,1,-1,-1,-1
14,3,903.961,233.513,44.536,30.187,1,-1,-1,-1
15,3,904.714,234.308,43.813,29.697,1,-1,-1,-1
16,3,905.466,235.103,43.089,29.207,1,-1,-1,-1
17,3,906.219,235.898,42.366,28.717,1,-1,-1,-1
18,3,906.972,236.693,41.643,28.227,1,-1,-1,-1
19,3,907.725,237.488,40.920,27.737,1,-1,-1,-1
20,3,908.478,238.283,40.197,27.246,1,-1,-1,-1
21,3,909.230,239.078,39.474,26.756,1,-1,-1,-1
22,3,909.983,239.873,38.751,26.266,1,-1,-1,-1
23,3,910.736,240.668,38.027,25.776,1,-1,-1,-1
23,6,1039.475,193.684,62.169,41.467,1,-1,-1,-1
24,3,911.489,241.463,37.304,25.286,1,-1,-1,-1
24,6,1037.750,193.459,62.705,41.790,1,-1,-1,-1
25,3,912.242,242.258,36.581,24.796,1,-1,-1,-1
25,6,1038.314,193.477,63.860,42.624,1,-1,-1,-1
26,3,912.994,243.054,35.858,24.305,1,-1,-1,-1
26,6,1037.452,193.111,64.515,43.061,1,-1,-1,-1
27,3,913.747,243.849,35.135,23.815,1,-1,-1,-1
27,6,1036.591,192.744,65.171,43.499,1,-1,-1,-1
27,7,835.525,183.768,56.116,33.143,1,-1,-1,-1
28,3,914.500,244.644,34.412,23.325,1,-1,-1,-1
28,6,1035.729,192.377,65.826,43.936,1,-1,-1,-1
28,7,836.376,182.774,57.975,33.978,1,-1,-1,-1
29,3,915.253,245.439,33.689,22.835,1,-1,-1,-1
29,6,1034.868,192.010,66.482,44.374,1,-1,-1,-1
29,7,834.957,181.866,60.103,34.915,1,-1,-1,-1
30,6,1034.007,191.643,67.137,44.811,1,-1,-1,-1
30,7,834.657,181.274,61.192,35.222,1,-1,-1,-1
31,6,1033.145,191.276,67.793,45.249,1,-1,-1,-1
31,7,832.486,180.945,63.803,36.391,1,-1,-1,-1
32,6,1032.284,190.909,68.448,45.686,1,-1,-1,-1
32,7,832.765,181.326,63.674,35.930,1,-1,-1,-1
33,6,1031.422,190.542,69.103,46.124,1,-1,-1,-1
33,7,833.028,180.848,64.094,36.167,1,-1,-1,-1
34,6,1030.561,190.175,69.759,46.561,1,-1,-1,-1
34,7,833.292,180.370,64.513,36.403,1,-1,-1,-1
35,6,1029.699,189.808,70.414,46.999,1,-1,-1,-1
35,7,833.555,179.891,64.933,36.640,1,-1,-1,-1
36,6,1028.838,189.441,71.070,47.436,1,-1,-1,-1
36,7,833.819,179.413,65.352,36.877,1,-1,-1,-1
37,6,1027.976,189.075,71.725,47.874,1,-1,-1,-1
37,7,834.082,178.935,65.772,37.114,1,-1,-1,-1
38,6,1027.115,188.708,72.381,48.311,1,-1,-1,-1
38,7,834.345,178.457,66.191,37.350,1,-1,-1,-1
39,6,1026.253,188.341,73.036,48.749,1,-1,-1,-1
39,7,834.609,177.979,66.611,37.587,1,-1,-1,-1
40,6,1025.392,187.974,73.692,49.187,1,-1,-1,-1
40,7,834.872,177.501,67.030,37.824,1,-1,-1,-1
41,6,1024.530,187.607,74.347,49.624,1,-1,-1,-1
41,7,835.136,177.023,67.450,38.060,1,-1,-1,-1
42,6,1023.669,187.240,75.003,50.062,1,-1,-1,-1
42,7,835.399,176.545,67.869,38.297,1,-1,-1,-1
43,6,1022.808,186.873,75.658,50.499,1,-1,-1,-1
43,7,835.663,176.066,68.288,38.534,1,-1,-1,-1
44,6,1021.946,186.506,76.314,50.937,1,-1,-1,-1
44,7,835.926,175.588,68.708,38.770,1,-1,-1,-1
45,6,1021.085,186.139,76.969,51.374,1,-1,-1,-1
45,7,836.189,175.110,69.127,39.007,1,-1,-1,-1
46,7,836.453,174.632,69.547,39.244,1,-1,-1,-1
47,7,836.716,174.154,69.966,39.480,1,-1,-1,-1
48,7,836.980,173.676,70.386,39.717,1,-1,-1,-1
49,7,837.243,173.198,70.805,39.954,1,-1,-1,-1
50,7,837.507,172.719,71.225,40.190,1,-1,-1,-1
51,7,837.770,172.241,71.644,40.427,1,-1,-1,-1
52,7,838.033,171.763,72.064,40.664,1,-1,-1,-1
55,11,591.875,800.047,66.894,35.031,1,-1,-1,-1
56,11,587.538,799.990,67.912,35.296,1,-1,-1,-1
57,11,585.068,800.146,67.395,35.027,1,-1,-1,-1
58,11,582.597,800.301,66.878,34.759,1,-1,-1,-1
59,11,580.127,800.457,66.362,34.490,1,-1,-1,-1
60,11,577.656,800.612,65.845,34.222,1,-1,-1,-1
61,11,575.185,800.768,65.328,33.953,1,-1,-1,-1
62,11,572.715,800.923,64.812,33.685,1,-1,-1,-1
63,11,570.244,801.079,64.295,33.416,1,-1,-1,-1
64,11,567.774,801.234,63.779,33.148,1,-1,-1,-1
65,11,565.303,801.389,63.262,32.879,1,-1,-1,-1
66,11,562.833,801.545,62.745,32.611,1,-1,-1,-1
67,11,560.362,801.700,62.229,32.342,1,-1,-1,-1
68,11,557.892,801.856,61.712,32.074,1,-1,-1,-1
69,11,555.421,802.011,61.195,31.805,1,-1,-1,-1
69,13,741.744,178.659,45.012,33.160,1,-1,-1,-1
70,11,552.950,802.167,60.679,31.537,1,-1,-1,-1
70,13,752.668,176.489,45.435,33.483,1,-1,-1,-1
71,11,550.480,802.322,60.162,31.268,1,-1,-1,-1
71,13,761.907,176.986,44.034,32.503,1,-1,-1,-1
72,11,548.009,802.478,59.645,31.000,1,-1,-1,-1
72,13,764.924,177.388,43.198,31.893,1,-1,-1,-1
73,11,545.539,802.633,59.129,30.731,1,-1,-1,-1
73,13,766.142,179.435,39.791,29.477,1,-1,-1,-1
74,11,543.068,802.789,58.612,30.463,1,-1,-1,-1
74,13,770.769,179.464,39.184,29.027,1,-1,-1,-1
75,11,540.598,802.944,58.095,30.194,1,-1,-1,-1
75,13,775.395,179.493,38.577,28.577,1,-1,-1,-1
76,11,538.127,803.100,57.579,29.926,1,-1,-1,-1
76,13,780.022,179.522,37.969,28.127,1,-1,-1,-1
77,13,784.649,179.551,37.362,27.678,1,-1,-1,-1
78,13,789.275,179.580,36.755,27.228,1,-1,-1,-1
79,13,793.902,179.608,36.147,26.778,1,-1,-1,-1
80,13,798.529,179.637,35.540,26.328,1,-1,-1,-1
81,13,803.155,179.666,34.933,25.878,1,-1,-1,-1
82,13,807.782,179.695,34.326,25.428,1,-1,-1,-1
83,13,812.409,179.724,33.718,24.978,1,-1,-1,-1
84,13,817.035,179.753,33.111,24.528,1,-1,-1,-1
85,13,821.662,179.782,32.504,24.078,1,-1,-1,-1
86,13,826.289,179.811,31.896,23.629,1,-1,-1,-1
87,13,830.915,179.839,31.289,23.179,1,-1,-1,-1
88,13,835.542,179.868,30.682,22.729,1,-1,-1,-1
89,13,840.169,179.897,30.074,22.279,1,-1,-1,-1
90,13,844.795,179.926,29.467,21.829,1,-1,-1,-1
90,16,1439.760,228.100,47.518,32.700,1,-1,-1,-1
91,13,849.422,179.955,28.860,21.379,1,-1,-1,-1
91,16,1442.514,229.136,45.586,31.405,1,-1,-1,-1
92,13,854.049,179.984,28.253,20.929,1,-1,-1,-1
92,16,1447.081,230.511,43.169,29.771,1,-1,-1,-1
93,13,858.675,180.013,27.645,20.479,1,-1,-1,-1
93,16,1452.126,232.288,40.013,27.579,1,-1,-1,-1
94,16,1454.441,232.885,38.840,26.770,1,-1,-1,-1
95,16,1456.755,233.482,37.667,25.962,1,-1,-1,-1
96,16,1459.069,234.080,36.494,25.153,1,-1,-1,-1
97,16,1461.384,234.677,35.321,24.345,1,-1,-1,-1
97,17,1063.833,184.018,43.252,27.569,1,-1,-1,-1
98,16,1463.698,235.274,34.147,23.536,1,-1,-1,-1
98,17,1064.613,183.735,43.611,27.798,1,-1,-1,-1
99,16,1466.013,235.871,32.974,22.727,1,-1,-1,-1
99,17,1065.393,183.452,43.971,28.027,1,-1,-1,-1
100,16,1468.327,236.468,31.801,21.919,1,-1,-1,-1
100,17,1066.173,183.169,44.330,28.256,1,-1,-1,-1
101,16,1470.642,237.066,30.628,21.110,1,-1,-1,-1
101,17,1066.953,182.886,44.689,28.485,1,-1,-1,-1
102,16,1472.956,237.663,29.455,20.302,1,-1,-1,-1
102,17,1067.733,182.603,45.049,28.714,1,-1,-1,-1
103,16,1475.271,238.260,28.282,19.493,1,-1,-1,-1
103,17,1068.513,182.321,45.408,28.943,1,-1,-1,-1
104,16,1477.585,238.857,27.109,18.685,1,-1,-1,-1
104,17,1069.293,182.038,45.768,29.172,1,-1,-1,-1
105,16,1479.900,239.455,25.936,17.876,1,-1,-1,-1
105,17,1070.074,181.755,46.127,29.401,1,-1,-1,-1
106,16,1482.214,240.052,24.762,17.067,1,-1,-1,-1
106,17,1070.854,181.472,46.486,29.630,1,-1,-1,-1
107,16,1484.529,240.649,23.589,16.259,1,-1,-1,-1
107,17,1071.634,181.189,46.846,29.859,1,-1,-1,-1
108,16,1486.843,241.246,22.416,15.450,1,-1,-1,-1
108,17,1072.414,180.906,47.205,30.088,1,-1,-1,-1
109,16,1489.157,241.843,21.243,14.642,1,-1,-1,-1
109,17,1073.194,180.623,47.564,30.317,1,-1,-1,-1
110,16,1491.472,242.441,20.070,13.833,1,-1,-1,-1
110,17,1073.974,180.341,47.924,30.547,1,-1,-1,-1
111,16,1493.786,243.038,18.897,13.025,1,-1,-1,-1
111,17,1074.754,180.058,48.283,30.776,1,-1,-1,-1
112,16,1496.101,243.635,17.724,12.216,1,-1,-1,-1
112,17,1075.534,179.775,48.643,31.005,1,-1,-1,-1
113,16,1498.415,244.232,16.551,11.407,1,-1,-1,-1
113,17,1076.314,179.492,49.002,31.234,1,-1,-1,-1
114,17,1077.095,179.209,49.361,31.463,1,-1,-1,-1
115,17,1077.875,178.926,49.721,31.692,1,-1,-1,-1
116,17,1078.655,178.643,50.080,31.921,1,-1,-1,-1
117,17,1079.435,178.360,50.440,32.150,1,-1,-1,-1
119,22,806.988,958.941,32.563,22.737,1,-1,-1,-1
119,23,598.546,175.730,97.657,45.187,1,-1,-1,-1
120,22,807.894,958.939,32.368,22.601,1,-1,-1,-1
120,23,588.641,172.787,103.965,47.894,1,-1,-1,-1
121,22,808.801,958.937,32.172,22.465,1,-1,-1,-1
121,23,579.759,169.997,107.054,49.333,1,-1,-1,-1
122,22,809.707,958.935,31.977,22.329,1,-1,-1,-1
122,23,574.181,167.998,111.991,51.696,1,-1,-1,-1
123,22,810.613,958.933,31.782,22.192,1,-1,-1,-1
123,23,574.250,167.671,110.509,51.265,1,-1,-1,-1
123,24,827.787,958.760,35.940,23.102,1,-1,-1,-1
124,22,811.519,958.931,31.587,22.056,1,-1,-1,-1
124,23,575.582,168.026,107.996,50.441,1,-1,-1,-1
124,24,830.763,958.909,34.994,22.552,1,-1,-1,-1
125,22,812.425,958.929,31.392,21.920,1,-1,-1,-1
125,23,579.722,169.017,105.115,49.638,1,-1,-1,-1
125,24,833.595,959.124,34.486,22.224,1,-1,-1,-1
126,22,813.332,958.927,31.197,21.784,1,-1,-1,-1
126,23,584.388,171.058,100.910,48.446,1,-1,-1,-1
126,24,836.428,959.338,33.977,21.897,1,-1,-1,-1
127,22,814.238,958.925,31.002,21.647,1,-1,-1,-1
127,23,581.959,170.341,102.298,49.112,1,-1,-1,-1
127,24,839.260,959.553,33.469,21.569,1,-1,-1,-1
128,22,815.144,958.922,30.807,21.511,1,-1,-1,-1
128,23,579.529,169.625,103.685,49.778,1,-1,-1,-1
128,24,842.093,959.768,32.960,21.242,1,-1,-1,-1
129,22,816.050,958.920,30.612,21.375,1,-1,-1,-1
129,23,577.100,168.908,105.072,50.444,1,-1,-1,-1
129,24,844.925,959.982,32.452,20.914,1,-1,-1,-1
130,22,816.956,958.918,30.416,21.239,1,-1,-1,-1
130,23,574.671,168.191,106.459,51.110,1,-1,-1,-1
130,24,847.758,960.197,31.944,20.586,1,-1,-1,-1
130,25,867.694,176.804,52.180,36.121,1,-1,-1,-1
131,22,817.863,958.916,30.221,21.103,1,-1,-1,-1
131,23,572.241,167.474,107.846,51.776,1,-1,-1,-1
131,24,850.590,960.411,31.435,20.259,1,-1,-1,-1
131,25,866.785,177.185,52.273,36.185,1,-1,-1,-1
132,22,818.769,958.914,30.026,20.966,1,-1,-1,-1
132,23,569.812,166.757,109.233,52.442,1,-1,-1,-1
132,24,853.423,960.626,30.927,19.931,1,-1,-1,-1
132,25,865.877,177.566,52.366,36.250,1,-1,-1,-1
133,22,819.675,958.912,29.831,20.830,1,-1,-1,-1
133,23,567.383,166.040,110.620,53.108,1,-1,-1,-1
133,24,856.255,960.841,30.418,19.603,1,-1,-1,-1
133,25,864.968,177.947,52.459,36.314,1,-1,-1,-1
134,22,820.581,958.910,29.636,20.694,1,-1,-1,-1
134,23,564.953,165.323,112.007,53.774,1,-1,-1,-1
134,24,859.088,961.055,29.910,19.276,1,-1,-1,-1
134,25,864.059,178.329,52.553,36.379,1,-1,-1,-1
135,22,821.488,958.908,29.441,20.558,1,-1,-1,-1
135,23,562.524,164.607,113.395,54.440,1,-1,-1,-1
135,24,861.920,961.270,29.402,18.948,1,-1,-1,-1
135,25,863.151,178.710,52.646,36.443,1,-1,-1,-1
136,22,822.394,958.906,29.246,20.421,1,-1,-1,-1
136,23,560.095,163.890,114.782,55.106,1,-1,-1,-1
136,24,864.753,961.484,28.893,18.620,1,-1,-1,-1
136,25,862.242,179.091,52.739,36.508,1,-1,-1,-1
137,22,823.300,958.904,29.051,20.285,1,-1,-1,-1
137,23,557.665,163.173,116.169,55.772,1,-1,-1,-1
137,24,867.585,961.699,28.385,18.293,1,-1,-1,-1
137,25,861.333,179.472,52.833,36.573,1,-1,-1,-1
138,22,824.206,958.901,28.856,20.149,1,-1,-1,-1
138,23,555.236,162.456,117.556,56.438,1,-1,-1,-1
138,24,870.418,961.913,27.876,17.965,1,-1,-1,-1
138,25,860.425,179.853,52.926,36.637,1,-1,-1,-1
139,22,825.112,958.899,28.661,20.013,1,-1,-1,-1
139,23,552.807,161.739,118.943,57.104,1,-1,-1,-1
139,24,873.250,962.128,27.368,17.637,1,-1,-1,-1
139,25,859.516,180.234,53.019,36.702,1,-1,-1,-1
139,27,659.547,170.222,66.148,40.727,1,-1,-1,-1
140,23,550.378,161.022,120.330,57.770,1,-1,-1,-1
140,24,876.083,962.343,26.860,17.310,1,-1,-1,-1
140,25,858.607,180.616,53.112,36.766,1,-1,-1,-1
140,27,660.717,171.489,65.499,40.232,1,-1,-1,-1
140,28,536.817,168.370,60.418,40.699,1,-1,-1,-1
140,29,1327.121,126.409,62.583,39.389,1,-1,-1,-1
141,23,547.948,160.305,121.717,58.436,1,-1,-1,-1
141,24,878.915,962.557,26.351,16.982,1,-1,-1,-1
141,25,857.699,180.997,53.206,36.831,1,-1,-1,-1
141,27,662.159,172.347,65.279,40.097,1,-1,-1,-1
141,28,535.093,167.113,63.776,43.014,1,-1,-1,-1
141,29,1331.000,128.248,60.126,37.584,1,-1,-1,-1
142,23,545.519,159.588,123.104,59.102,1,-1,-1,-1
142,24,881.748,962.772,25.843,16.655,1,-1,-1,-1
142,25,856.790,181.378,53.299,36.895,1,-1,-1,-1
142,27,663.601,173.205,65.058,39.962,1,-1,-1,-1
142,28,534.220,166.536,65.551,44.211,1,-1,-1,-1
142,29,1332.056,128.832,59.417,37.141,1,-1,-1,-1
143,23,543.090,158.872,124.491,59.767,1,-1,-1,-1
143,24,884.580,962.986,25.334,16.327,1,-1,-1,-1
143,25,855.881,181.759,53.392,36.960,1,-1,-1,-1
143,27,665.042,174.064,64.838,39.826,1,-1,-1,-1
143,28,533.346,165.959,67.326,45.408,1,-1,-1,-1
143,29,1333.112,129.416,58.708,36.698,1,-1,-1,-1
144,23,540.660,158.155,125.879,60.433,1,-1,-1,-1
144,24,887.412,963.201,24.826,15.999,1,-1,-1,-1
144,25,854.973,182.140,53.485,37.024,1,-1,-1,-1
144,27,666.484,174.922,64.618,39.691,1,-1,-1,-1
144,28,532.473,165.383,69.100,46.605,1,-1,-1,-1
144,29,1334.168,130.000,57.999,36.254,1,-1,-1,-1
145,23,538.231,157.438,127.266,61.099,1,-1,-1,-1
145,25,854.064,182.522,53.579,37.089,1,-1,-1,-1
145,27,667.926,175.780,64.398,39.556,1,-1,-1,-1
145,28,531.600,164.806,70.875,47.802,1,-1,-1,-1
145,29,1335.224,130.584,57.290,35.811,1,-1,-1,-1
146,23,535.802,156.721,128.653,61.765,1,-1,-1,-1
146,25,853.155,182.903,53.672,37.154,1,-1,-1,-1
146,27,669.368,176.638,64.177,39.421,1,-1,-1,-1
146,28,530.726,164.229,72.650,48.999,1,-1,-1,-1
146,29,1336.280,131.169,56.582,35.368,1,-1,-1,-1
147,25,852.247,183.284,53.765,37.218,1,-1,-1,-1
147,27,670.809,177.497,63.957,39.285,1,-1,-1,-1
147,28,529.853,163.653,74.425,50.196,1,-1,-1,-1
147,29,1337.337,131.753,55.873,34.925,1,-1,-1,-1
148,25,851.338,183.665,53.858,37.283,1,-1,-1,-1
148,27,672.251,178.355,63.737,39.150,1,-1,-1,-1
148,28,528.979,163.076,76.200,51.393,1,-1,-1,-1
148,29,1338.393,132.337,55.164,34.482,1,-1,-1,-1
149,25,850.429,184.046,53.952,37.347,1,-1,-1,-1
149,27,673.693,179.213,63.516,39.015,1,-1,-1,-1
149,28,528.106,162.499,77.974,52.590,1,-1,-1,-1
149,29,1339.449,132.921,54.455,34.039,1,-1,-1,-1
150,25,801.840,159.862,43.719,29.420,1,-1,-1,-1
150,27,675.134,180.072,63.296,38.879,1,-1,-1,-1
150,28,527.232,161.922,79.749,53.787,1,-1,-1,-1
150,29,1340.505,133.505,53.746,33.596,1,-1,-1,-1
151,25,799.142,156.486,48.240,32.307,1,-1,-1,-1
151,27,676.576,180.930,63.076,38.744,1,-1,-1,-1
151,28,526.359,161.346,81.524,54.984,1,-1,-1,-1
151,29,1341.561,134.089,53.037,33.153,1,-1,-1,-1
152,25,797.753,154.287,50.371,33.860,1,-1,-1,-1
152,27,678.018,181.788,62.856,38.609,1,-1,-1,-1
152,28,525.486,160.769,83.299,56.181,1,-1,-1,-1
152,29,1342.617,134.673,52.329,32.710,1,-1,-1,-1
152,32,1187.986,151.871,57.693,34.426,1,-1,-1,-1
153,25,794.843,153.021,50.740,34.108,1,-1,-1,-1
153,27,679.459,182.646,62.635,38.474,1,-1,-1,-1
153,28,524.612,160.192,85.073,57.378,1,-1,-1,-1
153,29,1343.673,135.257,51.620,32.267,1,-1,-1,-1
153,32,1185.509,149.384,60.755,36.253,1,-1,-1,-1
154,25,791.933,151.755,51.108,34.355,1,-1,-1,-1
154,27,680.901,183.505,62.415,38.338,1,-1,-1,-1
154,28,523.739,159.616,86.848,58.575,1,-1,-1,-1
154,29,1344.729,135.841,50.911,31.824,1,-1,-1,-1
154,32,1183.032,146.897,63.816,38.080,1,-1,-1,-1
155,25,789.022,150.489,51.476,34.602,1,-1,-1,-1
155,27,682.343,184.363,62.195,38.203,1,-1,-1,-1
155,28,522.865,159.039,88.623,59.772,1,-1,-1,-1
155,29,1345.785,136.426,50.202,31.381,1,-1,-1,-1
155,32,1180.555,144.410,66.878,39.907,1,-1,-1,-1
156,25,786.112,149.222,51.844,34.850,1,-1,-1,-1
156,27,683.785,185.221,61.975,38.068,1,-1,-1,-1
156,28,521.992,158.462,90.398,60.969,1,-1,-1,-1
156,29,1346.842,137.010,49.493,30.938,1,-1,-1,-1
156,32,1178.077,141.922,69.940,41.734,1,-1,-1,-1
157,25,783.201,147.956,52.212,35.097,1,-1,-1,-1
157,27,685.226,186.080,61.754,37.932,1,-1,-1,-1
157,28,521.119,157.886,92.172,62.167,1,-1,-1,-1
157,29,1347.898,137.594,48.784,30.494,1,-1,-1,-1
157,32,1175.600,139.435,73.002,43.561,1,-1,-1,-1
158,25,780.291,146.690,52.580,35.345,1,-1,-1,-1
158,27,686.668,186.938,61.534,37.797,1,-1,-1,-1
158,28,520.245,157.309,93.947,63.364,1,-1,-1,-1
158,29,1348.954,138.178,48.076,30.051,1,-1,-1,-1
158,32,1173.123,136.948,76.064,45.388,1,-1,-1,-1
159,25,777.380,145.424,52.948,35.592,1,-1,-1,-1
159,27,688.110,187.796,61.314,37.662,1,-1,-1,-1
159,28,519.372,156.732,95.722,64.561,1,-1,-1,-1
159,29,1350.010,138.762,47.367,29.608,1,-1,-1,-1
159,32,1170.645,134.461,79.125,47.215,1,-1,-1,-1
159,34,897.075,512.988,81.482,35.013,1,-1,-1,-1
160,25,774.470,144.157,53.316,35.839,1,-1,-1,-1
160,27,689.551,188.654,61.094,37.526,1,-1,-1,-1
160,28,518.498,156.156,97.497,65.758,1,-1,-1,-1
160,29,1351.066,139.346,46.658,29.165,1,-1,-1,-1
160,32,1168.168,131.974,82.187,49.042,1,-1,-1,-1
160,34,899.094,512.802,83.323,35.210,1,-1,-1,-1
161,25,771.560,142.891,53.684,36.087,1,-1,-1,-1
161,28,517.625,155.579,99.272,66.955,1,-1,-1,-1
161,29,1352.122,139.930,45.949,28.722,1,-1,-1,-1
161,32,1165.691,129.486,85.249,50.869,1,-1,-1,-1
161,34,902.559,512.668,83.745,35.389,1,-1,-1,-1
162,25,768.649,141.625,54.052,36.334,1,-1,-1,-1
162,32,1163.213,126.999,88.311,52.696,1,-1,-1,-1
162,34,906.024,512.533,84.167,35.567,1,-1,-1,-1
163,25,765.739,140.359,54.420,36.581,1,-1,-1,-1
163,32,1160.736,124.512,91.372,54.523,1,-1,-1,-1
163,34,909.489,512.399,84.589,35.745,1,-1,-1,-1
164,25,762.828,139.093,54.788,36.829,1,-1,-1,-1
164,32,1158.259,122.025,94.434,56.350,1,-1,-1,-1
164,34,912.953,512.264,85.011,35.924,1,-1,-1,-1
165,25,759.918,137.826,55.156,37.076,1,-1,-1,-1
165,32,1155.781,119.538,97.496,58.177,1,-1,-1,-1
165,34,916.418,512.130,85.433,36.102,1,-1,-1,-1
166,25,757.007,136.560,55.524,37.323,1,-1,-1,-1
166,32,1153.304,117.050,100.558,60.004,1,-1,-1,-1
166,34,919.883,511.995,85.855,36.280,1,-1,-1,-1
167,25,754.097,135.294,55.892,37.571,1,-1,-1,-1
167,32,1150.827,114.563,103.620,61.831,1,-1,-1,-1
167,34,923.348,511.860,86.277,36.458,1,-1,-1,-1
168,25,751.187,134.028,56.260,37.818,1,-1,-1,-1
168,32,1148.350,112.076,106.681,63.658,1,-1,-1,-1
168,34,926.813,511.726,86.699,36.637,1,-1,-1,-1
169,25,748.276,132.761,56.628,38.066,1,-1,-1,-1
169,32,1145.872,109.589,109.743,65.485,1,-1,-1,-1
169,34,930.278,511.591,87.121,36.815,1,-1,-1,-1
170,25,745.366,131.495,56.996,38.313,1,-1,-1,-1
170,32,1143.395,107.101,112.805,67.312,1,-1,-1,-1
170,34,933.743,511.457,87.543,36.993,1,-1,-1,-1
171,25,742.455,130.229,57.364,38.560,1,-1,-1,-1
171,32,1140.918,104.614,115.867,69.139,1,-1,-1,-1
171,34,937.208,511.322,87.965,37.172,1,-1,-1,-1
171,39,823.361,440.446,128.590,36.145,1,-1,-1,-1
172,25,739.545,128.963,57.732,38.808,1,-1,-1,-1
172,32,1138.440,102.127,118.929,70.966,1,-1,-1,-1
172,34,940.673,511.188,88.387,37.350,1,-1,-1,-1
172,39,821.902,440.507,127.729,35.903,1,-1,-1,-1
173,34,944.138,511.053,88.808,37.528,1,-1,-1,-1
173,39,820.444,440.567,126.868,35.661,1,-1,-1,-1
174,34,947.603,510.919,89.230,37.706,1,-1,-1,-1
174,39,818.986,440.628,126.006,35.419,1,-1,-1,-1
175,34,951.068,510.784,89.652,37.885,1,-1,-1,-1
175,39,817.527,440.688,125.145,35.176,1,-1,-1,-1
176,34,954.533,510.650,90.074,38.063,1,-1,-1,-1
176,39,816.069,440.749,124.283,34.934,1,-1,-1,-1
177,34,957.998,510.515,90.496,38.241,1,-1,-1,-1
177,39,814.610,440.809,123.422,34.692,1,-1,-1,-1
178,34,961.463,510.381,90.918,38.420,1,-1,-1,-1
178,39,813.152,440.870,122.560,34.450,1,-1,-1,-1
179,34,964.928,510.246,91.340,38.598,1,-1,-1,-1
179,39,811.693,440.930,121.699,34.208,1,-1,-1,-1
180,34,968.393,510.112,91.762,38.776,1,-1,-1,-1
180,39,810.235,440.990,120.838,33.966,1,-1,-1,-1
181,39,808.777,441.051,119.976,33.724,1,-1,-1,-1
182,39,807.318,441.111,119.115,33.482,1,-1,-1,-1
183,39,805.860,441.172,118.253,33.239,1,-1,-1,-1
184,39,804.401,441.232,117.392,32.997,1,-1,-1,-1
185,39,802.943,441.293,116.531,32.755,1,-1,-1,-1
186,39,801.484,441.353,115.669,32.513,1,-1,-1,-1
187,39,800.026,441.414,114.808,32.271,1,-1,-1,-1
188,39,798.568,441.474,113.946,32.029,1,-1,-1,-1
189,39,797.109,441.535,113.085,31.787,1,-1,-1,-1
190,39,795.651,441.595,112.223,31.544,1,-1,-1,-1
191,39,794.192,441.655,111.362,31.302,1,-1,-1,-1
208,57,939.219,518.450,30.163,25.019,1,-1,-1,-1
209,57,940.332,518.206,30.080,24.950,1,-1,-1,-1
210,57,941.444,517.961,29.997,24.881,1,-1,-1,-1
211,57,942.557,517.717,29.914,24.812,1,-1,-1,-1
212,57,943.670,517.473,29.831,24.743,1,-1,-1,-1
213,57,944.783,517.229,29.748,24.675,1,-1,-1,-1
214,57,945.895,516.984,29.665,24.606,1,-1,-1,-1
215,57,947.008,516.740,29.582,24.537,1,-1,-1,-1
216,57,948.121,516.496,29.499,24.468,1,-1,-1,-1
217,57,949.233,516.251,29.416,24.399,1,-1,-1,-1
218,57,950.346,516.007,29.333,24.330,1,-1,-1,-1
219,57,951.459,515.763,29.250,24.261,1,-1,-1,-1
220,57,952.572,515.519,29.167,24.192,1,-1,-1,-1
221,57,953.684,515.274,29.083,24.123,1,-1,-1,-1
222,57,954.797,515.030,29.000,24.055,1,-1,-1,-1
223,57,955.910,514.786,28.917,23.986,1,-1,-1,-1
224,57,957.023,514.542,28.834,23.917,1,-1,-1,-1
225,57,958.135,514.297,28.751,23.848,1,-1,-1,-1
226,57,959.248,514.053,28.668,23.779,1,-1,-1,-1
227,57,960.361,513.809,28.585,23.710,1,-1,-1,-1
228,57,961.473,513.565,28.502,23.641,1,-1,-1,-1
237,65,1030.594,540.938,23.909,23.920,1,-1,-1,-1
238,65,1031.501,540.461,23.703,23.714,1,-1,-1,-1
239,65,1032.407,539.984,23.498,23.509,1,-1,-1,-1
240,65,1033.314,539.506,23.293,23.303,1,-1,-1,-1
241,65,1034.220,539.029,23.087,23.098,1,-1,-1,-1
242,65,1035.127,538.551,22.882,22.892,1,-1,-1,-1
243,65,1036.033,538.074,22.676,22.687,1,-1,-1,-1
244,65,1036.940,537.596,22.471,22.481,1,-1,-1,-1
245,65,1037.846,537.119,22.266,22.276,1,-1,-1,-1
245,69,717.634,321.696,122.965,34.780,1,-1,-1,-1
246,65,1038.753,536.642,22.060,22.070,1,-1,-1,-1
246,69,713.101,321.921,123.930,35.053,1,-1,-1,-1
247,65,1039.660,536.164,21.855,21.865,1,-1,-1,-1
247,69,708.567,322.147,124.895,35.326,1,-1,-1,-1
248,65,1040.566,535.687,21.649,21.659,1,-1,-1,-1
248,69,704.033,322.373,125.861,35.599,1,-1,-1,-1
249,65,1041.473,535.209,21.444,21.454,1,-1,-1,-1
249,69,699.499,322.598,126.826,35.872,1,-1,-1,-1
250,65,1042.379,534.732,21.239,21.248,1,-1,-1,-1
250,69,694.965,322.824,127.792,36.145,1,-1,-1,-1
251,65,1043.286,534.255,21.033,21.043,1,-1,-1,-1
251,69,690.432,323.049,128.757,36.418,1,-1,-1,-1
251,71,743.271,335.366,121.486,40.862,1,-1,-1,-1
252,65,1044.192,533.777,20.828,20.837,1,-1,-1,-1
252,69,685.898,323.275,129.723,36.691,1,-1,-1,-1
252,71,749.349,340.322,113.380,37.887,1,-1,-1,-1
253,65,1045.099,533.300,20.622,20.632,1,-1,-1,-1
253,69,681.364,323.501,130.688,36.965,1,-1,-1,-1
253,71,744.677,345.617,104.318,35.025,1,-1,-1,-1
254,65,1046.005,532.822,20.417,20.426,1,-1,-1,-1
254,69,676.830,323.726,131.654,37.238,1,-1,-1,-1
254,71,745.052,348.438,99.213,33.311,1,-1,-1,-1
255,65,1046.912,532.345,20.212,20.221,1,-1,-1,-1
255,69,672.296,323.952,132.619,37.511,1,-1,-1,-1
255,71,745.427,351.258,94.109,31.597,1,-1,-1,-1
256,65,1047.818,531.868,20.006,20.015,1,-1,-1,-1
256,69,667.763,324.178,133.585,37.784,1,-1,-1,-1
256,71,745.802,354.079,89.004,29.883,1,-1,-1,-1
257,65,1048.725,531.390,19.801,19.810,1,-1,-1,-1
257,69,663.229,324.403,134.550,38.057,1,-1,-1,-1
257,71,746.176,356.899,83.900,28.169,1,-1,-1,-1
258,69,658.695,324.629,135.516,38.330,1,-1,-1,-1
258,71,746.551,359.720,78.796,26.456,1,-1,-1,-1
258,74,749.859,368.806,106.658,33.936,1,-1,-1,-1
259,69,654.161,324.854,136.481,38.603,1,-1,-1,-1
259,71,746.926,362.540,73.691,24.742,1,-1,-1,-1
259,74,749.842,368.867,106.736,33.814,1,-1,-1,-1
260,69,649.627,325.080,137.446,38.876,1,-1,-1,-1
260,71,747.301,365.361,68.587,23.028,1,-1,-1,-1
260,74,731.122,369.131,109.199,35.291,1,-1,-1,-1
261,69,645.094,325.306,138.412,39.149,1,-1,-1,-1
261,71,747.676,368.181,63.482,21.314,1,-1,-1,-1
261,74,725.276,369.631,109.693,35.451,1,-1,-1,-1
262,69,640.560,325.531,139.377,39.422,1,-1,-1,-1
262,71,748.051,371.002,58.378,19.600,1,-1,-1,-1
262,74,719.429,370.131,110.187,35.610,1,-1,-1,-1
263,69,636.026,325.757,140.343,39.695,1,-1,-1,-1
263,71,748.426,373.822,53.273,17.887,1,-1,-1,-1
263,74,713.583,370.631,110.681,35.770,1,-1,-1,-1
264,69,631.492,325.982,141.308,39.968,1,-1,-1,-1
264,71,748.801,376.643,48.169,16.173,1,-1,-1,-1
264,74,707.736,371.131,111.175,35.929,1,-1,-1,-1
265,69,626.958,326.208,142.274,40.241,1,-1,-1,-1
265,71,749.176,379.463,43.065,14.459,1,-1,-1,-1
265,74,701.890,371.631,111.669,36.089,1,-1,-1,-1
266,71,749.551,382.284,37.960,12.745,1,-1,-1,-1
266,74,696.043,372.131,112.163,36.249,1,-1,-1,-1
267,71,749.926,385.104,32.856,11.031,1,-1,-1,-1
267,74,690.197,372.631,112.657,36.408,1,-1,-1,-1
268,71,750.301,387.924,27.751,9.318,1,-1,-1,-1
268,74,684.350,373.131,113.151,36.568,1,-1,-1,-1
269,71,750.676,390.745,22.647,7.604,1,-1,-1,-1
269,74,678.503,373.631,113.645,36.728,1,-1,-1,-1
270,71,751.051,393.565,17.543,5.890,1,-1,-1,-1
270,74,672.657,374.131,114.139,36.887,1,-1,-1,-1
271,71,751.426,396.386,12.438,4.176,1,-1,-1,-1
271,74,666.810,374.631,114.633,37.047,1,-1,-1,-1
272,71,751.800,399.206,7.334,2.462,1,-1,-1,-1
272,74,660.964,375.131,115.127,37.207,1,-1,-1,-1
273,71,752.175,402.027,2.229,0.748,1,-1,-1,-1
273,74,655.117,375.631,115.621,37.366,1,-1,-1,-1
274,74,649.271,376.131,116.115,37.526,1,-1,-1,-1
275,74,643.424,376.632,116.609,37.686,1,-1,-1,-1
275,79,1172.961,635.055,46.116,36.587,1,-1,-1,-1
276,74,637.578,377.132,117.103,37.845,1,-1,-1,-1
276,79,1176.396,633.469,48.369,37.699,1,-1,-1,-1
277,74,631.731,377.632,117.597,38.005,1,-1,-1,-1
277,79,1172.948,631.417,55.551,42.611,1,-1,-1,-1
278,74,625.884,378.132,118.091,38.165,1,-1,-1,-1
278,79,1170.362,628.736,58.953,44.397,1,-1,-1,-1
279,74,620.038,378.632,118.585,38.324,1,-1,-1,-1
279,79,1168.234,627.313,60.676,44.898,1,-1,-1,-1
280,74,614.191,379.132,119.079,38.484,1,-1,-1,-1
280,79,1167.494,625.588,61.831,45.753,1,-1,-1,-1
281,79,1166.754,623.862,62.986,46.607,1,-1,-1,-1
282,79,1166.014,622.137,64.141,47.462,1,-1,-1,-1
283,79,1165.274,620.412,65.296,48.317,1,-1,-1,-1
284,79,1164.534,618.686,66.451,49.171,1,-1,-1,-1
285,79,1163.793,616.961,67.606,50.026,1,-1,-1,-1
286,79,1163.053,615.235,68.762,50.881,1,-1,-1,-1
287,79,1162.313,613.510,69.917,51.735,1,-1,-1,-1
288,79,1161.573,611.785,71.072,52.590,1,-1,-1,-1
289,79,1160.833,610.059,72.227,53.445,1,-1,-1,-1
290,79,1160.093,608.334,73.382,54.299,1,-1,-1,-1
291,79,1159.353,606.608,74.537,55.154,1,-1,-1,-1
291,81,755.811,381.430,71.253,35.196,1,-1,-1,-1
292,79,1158.613,604.883,75.692,56.009,1,-1,-1,-1
292,81,756.359,381.309,72.378,35.530,1,-1,-1,-1
293,79,1157.873,603.157,76.847,56.864,1,-1,-1,-1
293,81,757.148,380.828,77.058,37.393,1,-1,-1,-1
294,79,1157.132,601.432,78.002,57.718,1,-1,-1,-1
294,81,755.235,381.105,76.652,36.915,1,-1,-1,-1
295,79,1156.392,599.707,79.157,58.573,1,-1,-1,-1
295,81,763.412,380.757,80.065,37.485,1,-1,-1,-1
296,79,1155.652,597.981,80.312,59.428,1,-1,-1,-1
296,81,765.538,380.618,81.003,37.924,1,-1,-1,-1
297,79,1154.912,596.256,81.467,60.282,1,-1,-1,-1
297,81,767.664,380.480,81.941,38.364,1,-1,-1,-1
298,79,1154.172,594.530,82.622,61.137,1,-1,-1,-1
298,81,769.791,380.341,82.879,38.803,1,-1,-1,-1
299,79,1153.432,592.805,83.777,61.992,1,-1,-1,-1
299,81,771.917,380.202,83.818,39.242,1,-1,-1,-1
300,81,774.043,380.063,84.756,39.681,1,-1,-1,-1
301,81,776.169,379.924,85.694,40.121,1,-1,-1,-1
302,81,778.295,379.785,86.632,40.560,1,-1,-1,-1
303,81,780.421,379.646,87.571,40.999,1,-1,-1,-1
304,81,782.547,379.507,88.509,41.438,1,-1,-1,-1
305,81,784.674,379.369,89.447,41.878,1,-1,-1,-1
306,81,786.800,379.230,90.385,42.317,1,-1,-1,-1
307,81,788.926,379.091,91.324,42.756,1,-1,-1,-1
308,81,791.052,378.952,92.262,43.196,1,-1,-1,-1
308,83,766.934,369.534,74.070,37.519,1,-1,-1,-1
309,81,793.178,378.813,93.200,43.635,1,-1,-1,-1
309,83,766.447,367.338,75.429,36.802,1,-1,-1,-1
310,81,795.304,378.674,94.138,44.074,1,-1,-1,-1
310,83,767.720,366.182,77.393,36.371,1,-1,-1,-1
311,81,797.430,378.535,95.077,44.513,1,-1,-1,-1
311,83,771.778,365.402,77.450,36.398,1,-1,-1,-1
312,81,799.557,378.396,96.015,44.953,1,-1,-1,-1
312,83,775.836,364.623,77.508,36.425,1,-1,-1,-1
313,81,801.683,378.258,96.953,45.392,1,-1,-1,-1
313,83,779.894,363.844,77.565,36.452,1,-1,-1,-1
314,81,803.809,378.119,97.892,45.831,1,-1,-1,-1
314,83,783.952,363.064,77.622,36.479,1,-1,-1,-1
315,81,805.935,377.980,98.830,46.270,1,-1,-1,-1
315,83,788.010,362.285,77.680,36.506,1,-1,-1,-1
316,83,792.068,361.506,77.737,36.533,1,-1,-1,-1
317,83,796.126,360.726,77.795,36.560,1,-1,-1,-1
318,83,800.184,359.947,77.852,36.587,1,-1,-1,-1
319,83,804.242,359.168,77.909,36.614,1,-1,-1,-1
320,83,808.300,358.388,77.967,36.640,1,-1,-1,-1
321,83,812.358,357.609,78.024,36.667,1,-1,-1,-1
322,83,816.416,356.830,78.082,36.694,1,-1,-1,-1
323,83,820.474,356.050,78.139,36.721,1,-1,-1,-1
324,83,824.532,355.271,78.196,36.748,1,-1,-1,-1
325,83,828.590,354.492,78.254,36.775,1,-1,-1,-1
326,83,832.648,353.712,78.311,36.802,1,-1,-1,-1
327,83,836.706,352.933,78.369,36.829,1,-1,-1,-1
328,83,840.764,352.154,78.426,36.856,1,-1,-1,-1
329,83,844.822,351.374,78.483,36.883,1,-1,-1,-1
330,83,848.880,350.595,78.541,36.910,1,-1,-1,-1
339,87,969.155,563.302,63.840,32.246,1,-1,-1,-1
340,87,964.670,561.215,69.510,35.189,1,-1,-1,-1
341,87,961.158,559.915,71.854,36.376,1,-1,-1,-1
342,87,957.646,558.615,74.197,37.562,1,-1,-1,-1
343,87,954.134,557.315,76.541,38.748,1,-1,-1,-1
344,87,950.622,556.015,78.885,39.935,1,-1,-1,-1
345,87,947.111,554.716,81.228,41.121,1,-1,-1,-1
346,87,943.599,553.416,83.572,42.308,1,-1,-1,-1
347,87,940.087,552.116,85.915,43.494,1,-1,-1,-1
348,87,936.575,550.816,88.259,44.680,1,-1,-1,-1
349,87,933.063,549.516,90.602,45.867,1,-1,-1,-1
350,87,929.552,548.216,92.946,47.053,1,-1,-1,-1
351,87,926.040,546.916,95.290,48.240,1,-1,-1,-1
352,87,922.528,545.616,97.633,49.426,1,-1,-1,-1
353,87,919.016,544.316,99.977,50.613,1,-1,-1,-1
354,87,915.504,543.016,102.320,51.799,1,-1,-1,-1
355,87,911.992,541.716,104.664,52.985,1,-1,-1,-1
356,87,908.481,540.416,107.008,54.172,1,-1,-1,-1
357,87,904.969,539.116,109.351,55.358,1,-1,-1,-1
358,87,901.457,537.817,111.695,56.545,1,-1,-1,-1
359,87,897.945,536.517,114.038,57.731,1,-1,-1,-1
360,87,894.433,535.217,116.382,58.918,1,-1,-1,-1
360,91,905.102,212.180,28.268,21.084,1,-1,-1,-1
361,91,904.948,211.303,28.190,21.026,1,-1,-1,-1
362,91,904.794,210.425,28.112,20.968,1,-1,-1,-1
363,91,904.640,209.548,28.034,20.910,1,-1,-1,-1
364,91,904.486,208.670,27.956,20.852,1,-1,-1,-1
365,91,904.332,207.793,27.879,20.793,1,-1,-1,-1
365,93,937.854,203.578,35.736,26.348,1,-1,-1,-1
366,91,904.178,206.915,27.801,20.735,1,-1,-1,-1
366,93,936.740,203.002,35.262,26.079,1,-1,-1,-1
367,91,904.023,206.038,27.723,20.677,1,-1,-1,-1
367,93,935.448,202.113,35.609,26.336,1,-1,-1,-1
368,91,903.869,205.160,27.645,20.619,1,-1,-1,-1
368,93,934.156,201.225,35.957,26.593,1,-1,-1,-1
369,91,903.715,204.283,27.567,20.561,1,-1,-1,-1
369,93,932.864,200.336,36.305,26.850,1,-1,-1,-1
370,91,903.561,203.406,27.489,20.503,1,-1,-1,-1
370,93,925.908,191.490,31.383,23.189,1,-1,-1,-1
371,91,903.407,202.528,27.411,20.445,1,-1,-1,-1
371,93,924.509,190.145,31.312,23.097,1,-1,-1,-1
372,91,903.253,201.651,27.333,20.387,1,-1,-1,-1
372,93,922.481,188.164,30.904,22.796,1,-1,-1,-1
373,91,903.099,200.773,27.255,20.329,1,-1,-1,-1
373,93,920.453,186.182,30.496,22.495,1,-1,-1,-1
374,91,902.945,199.896,27.177,20.271,1,-1,-1,-1
374,93,918.424,184.200,30.088,22.194,1,-1,-1,-1
375,91,902.791,199.018,27.100,20.212,1,-1,-1,-1
375,93,916.396,182.218,29.680,21.893,1,-1,-1,-1
376,91,930.747,190.845,29.306,21.825,1,-1,-1,-1
376,93,914.368,180.236,29.271,21.592,1,-1,-1,-1
377,91,930.471,190.454,30.143,22.214,1,-1,-1,-1
377,93,912.339,178.255,28.863,21.291,1,-1,-1,-1
378,91,929.106,190.657,30.643,22.508,1,-1,-1,-1
378,93,910.311,176.273,28.455,20.990,1,-1,-1,-1
379,91,930.202,189.577,30.774,22.604,1,-1,-1,-1
379,93,908.283,174.291,28.047,20.689,1,-1,-1,-1
380,91,931.299,188.497,30.905,22.701,1,-1,-1,-1
380,93,906.254,172.309,27.639,20.387,1,-1,-1,-1
381,91,932.395,187.416,31.036,22.797,1,-1,-1,-1
381,93,904.226,170.328,27.230,20.086,1,-1,-1,-1
382,91,933.491,186.336,31.167,22.893,1,-1,-1,-1
382,93,902.198,168.346,26.822,19.785,1,-1,-1,-1
383,91,934.587,185.256,31.298,22.990,1,-1,-1,-1
383,93,900.169,166.364,26.414,19.484,1,-1,-1,-1
384,91,935.683,184.175,31.429,23.086,1,-1,-1,-1
384,93,898.141,164.382,26.006,19.183,1,-1,-1,-1
385,91,936.779,183.095,31.560,23.182,1,-1,-1,-1
385,93,896.113,162.400,25.598,18.882,1,-1,-1,-1
386,91,937.876,182.014,31.691,23.278,1,-1,-1,-1
386,93,894.085,160.419,25.189,18.581,1,-1,-1,-1
387,91,938.972,180.934,31.823,23.375,1,-1,-1,-1
387,93,892.056,158.437,24.781,18.280,1,-1,-1,-1
388,91,940.068,179.854,31.954,23.471,1,-1,-1,-1
388,93,890.028,156.455,24.373,17.979,1,-1,-1,-1
389,91,941.164,178.773,32.085,23.567,1,-1,-1,-1
389,93,888.000,154.473,23.965,17.678,1,-1,-1,-1
390,91,942.260,177.693,32.216,23.664,1,-1,-1,-1
390,93,885.971,152.492,23.557,17.376,1,-1,-1,-1
391,91,943.356,176.613,32.347,23.760,1,-1,-1,-1
391,93,883.943,150.510,23.148,17.075,1,-1,-1,-1
392,91,944.452,175.532,32.478,23.856,1,-1,-1,-1
393,91,945.549,174.452,32.609,23.953,1,-1,-1,-1
394,91,946.645,173.372,32.740,24.049,1,-1,-1,-1
395,91,947.741,172.291,32.871,24.145,1,-1,-1,-1
396,91,948.837,171.211,33.003,24.241,1,-1,-1,-1
397,91,949.933,170.131,33.134,24.338,1,-1,-1,-1
398,91,951.029,169.050,33.265,24.434,1,-1,-1,-1
398,98,1068.247,284.354,105.475,79.168,1,-1,-1,-1
399,98,1066.804,284.436,107.606,80.768,1,-1,-1,-1
400,98,1065.360,284.518,109.738,82.368,1,-1,-1,-1
401,98,1063.917,284.600,111.869,83.968,1,-1,-1,-1
402,98,1062.473,284.683,114.001,85.568,1,-1,-1,-1
403,98,1061.030,284.765,116.132,87.167,1,-1,-1,-1
404,98,1059.586,284.847,118.264,88.767,1,-1,-1,-1
405,98,1058.143,284.929,120.395,90.367,1,-1,-1,-1
406,98,1056.699,285.011,122.527,91.967,1,-1,-1,-1
407,98,1055.256,285.094,124.658,93.567,1,-1,-1,-1
408,98,1053.812,285.176,126.790,95.167,1,-1,-1,-1
409,98,1052.369,285.258,128.921,96.767,1,-1,-1,-1
410,98,1050.925,285.340,131.053,98.367,1,-1,-1,-1
411,98,1049.482,285.423,133.184,99.966,1,-1,-1,-1
412,98,1048.038,285.505,135.316,101.566,1,-1,-1,-1
413,98,1046.595,285.587,137.447,103.166,1,-1,-1,-1
414,98,1045.151,285.669,139.579,104.766,1,-1,-1,-1
415,98,1043.708,285.751,141.710,106.366,1,-1,-1,-1
416,98,1042.264,285.834,143.842,107.966,1,-1,-1,-1
417,98,1040.821,285.916,145.973,109.566,1,-1,-1,-1
418,98,1039.377,285.998,148.105,111.166,1,-1,-1,-1
439,100,1248.632,465.259,74.185,36.041,1,-1,-1,-1
440,100,1251.317,464.526,71.742,35.179,1,-1,-1,-1
441,100,1251.880,464.253,69.853,34.674,1,-1,-1,-1
442,100,1251.985,463.537,70.105,34.799,1,-1,-1,-1
443,100,1252.091,462.820,70.356,34.924,1,-1,-1,-1
444,100,1252.196,462.103,70.608,35.049,1,-1,-1,-1
445,100,1252.301,461.386,70.860,35.174,1,-1,-1,-1
446,100,1252.407,460.669,71.111,35.298,1,-1,-1,-1
447,100,1252.512,459.952,71.363,35.423,1,-1,-1,-1
448,100,1252.617,459.236,71.614,35.548,1,-1,-1,-1
449,100,1252.723,458.519,71.866,35.673,1,-1,-1,-1
450,100,1252.828,457.802,72.118,35.798,1,-1,-1,-1
451,100,1252.933,457.085,72.369,35.923,1,-1,-1,-1
452,100,1253.039,456.368,72.621,36.048,1,-1,-1,-1
453,100,1253.144,455.651,72.873,36.173,1,-1,-1,-1
454,100,1253.249,454.935,73.124,36.298,1,-1,-1,-1
455,100,1253.355,454.218,73.376,36.423,1,-1,-1,-1
456,100,1253.460,453.501,73.628,36.548,1,-1,-1,-1
457,100,1253.565,452.784,73.879,36.672,1,-1,-1,-1
458,100,1253.671,452.067,74.131,36.797,1,-1,-1,-1
459,100,1253.776,451.350,74.383,36.922,1,-1,-1,-1
460,100,1253.882,450.634,74.634,37.047,1,-1,-1,-1
461,100,1253.987,449.917,74.886,37.172,1,-1,-1,-1
470,106,1064.853,446.459,61.861,30.283,1,-1,-1,-1
471,106,1061.389,446.624,62.999,30.840,1,-1,-1,-1
472,106,1057.925,446.789,64.137,31.398,1,-1,-1,-1
473,106,1054.462,446.954,65.275,31.955,1,-1,-1,-1
474,106,1050.998,447.119,66.413,32.512,1,-1,-1,-1
475,106,1047.534,447.284,67.551,33.069,1,-1,-1,-1
476,106,1044.070,447.449,68.689,33.626,1,-1,-1,-1
477,106,1040.606,447.614,69.827,34.183,1,-1,-1,-1
478,106,1037.143,447.780,70.965,34.740,1,-1,-1,-1
479,106,1033.679,447.945,72.102,35.297,1,-1,-1,-1
480,106,1030.215,448.110,73.240,35.854,1,-1,-1,-1
481,106,1026.751,448.275,74.378,36.411,1,-1,-1,-1
482,106,1023.288,448.440,75.516,36.969,1,-1,-1,-1
483,106,1019.824,448.605,76.654,37.526,1,-1,-1,-1
484,106,1016.360,448.770,77.792,38.083,1,-1,-1,-1
485,106,1012.896,448.935,78.930,38.640,1,-1,-1,-1
486,106,1009.433,449.100,80.068,39.197,1,-1,-1,-1
487,106,1005.969,449.265,81.206,39.754,1,-1,-1,-1
488,106,1002.505,449.431,82.344,40.311,1,-1,-1,-1
489,106,999.041,449.596,83.482,40.868,1,-1,-1,-1
490,106,995.578,449.761,84.620,41.425,1,-1,-1,-1
583,115,1044.187,281.115,87.024,132.196,1,-1,-1,-1
584,115,1044.876,281.048,85.946,130.657,1,-1,-1,-1
585,115,1044.498,280.497,87.287,132.886,1,-1,-1,-1
586,115,1043.459,280.515,89.035,135.885,1,-1,-1,-1
587,115,1043.295,280.283,89.587,136.728,1,-1,-1,-1
588,115,1043.131,280.051,90.140,137.571,1,-1,-1,-1
589,115,1042.967,279.819,90.692,138.414,1,-1,-1,-1
590,115,1042.803,279.587,91.244,139.257,1,-1,-1,-1
591,115,1042.639,279.354,91.797,140.100,1,-1,-1,-1
592,115,1042.476,279.122,92.349,140.943,1,-1,-1,-1
593,115,1042.312,278.890,92.902,141.786,1,-1,-1,-1
