15,3,11.571,231.912,448.477,343.105,1,-1,-1,-1
16,3,5.695,221.429,462.191,353.540,1,-1,-1,-1
17,3,5.580,220.730,463.156,354.278,1,-1,-1,-1
18,3,5.466,220.031,464.121,355.017,1,-1,-1,-1
19,3,5.351,219.332,465.086,355.755,1,-1,-1,-1
20,3,5.237,218.633,466.051,356.493,1,-1,-1,-1
21,3,5.123,217.934,467.016,357.231,1,-1,-1,-1
22,3,5.008,217.236,467.981,357.969,1,-1,-1,-1
23,3,4.894,216.537,468.946,358.708,1,-1,-1,-1
24,3,4.779,215.838,469.911,359.446,1,-1,-1,-1
25,3,4.665,215.139,470.876,360.184,1,-1,-1,-1
26,3,25.412,261.748,415.372,312.822,1,-1,-1,-1
27,3,27.376,265.066,410.929,309.476,1,-1,-1,-1
28,3,6.667,230.954,456.237,343.632,1,-1,-1,-1
29,3,3.207,227.073,461.250,347.470,1,-1,-1,-1
30,3,0.515,223.646,465.245,350.952,1,-1,-1,-1
31,3,-2.419,216.773,472.971,357.771,1,-1,-1,-1
32,3,-2.812,214.195,475.282,360.330,1,-1,-1,-1
33,3,-4.267,211.915,478.265,362.592,1,-1,-1,-1
34,3,-5.723,209.635,481.248,364.854,1,-1,-1,-1
35,3,-7.179,207.356,484.232,367.115,1,-1,-1,-1
36,3,2.086,220.943,466.884,353.776,1,-1,-1,-1
37,3,7.125,233.479,452.465,341.251,1,-1,-1,-1
38,3,10.591,238.518,448.605,336.272,1,-1,-1,-1
39,3,11.950,241.112,447.779,333.669,1,-1,-1,-1
40,3,15.013,248.462,441.304,326.329,1,-1,-1,-1
41,3,21.859,262.389,427.207,311.985,1,-1,-1,-1
42,3,6.463,237.935,459.443,336.533,1,-1,-1,-1
43,3,6.586,237.863,459.508,336.581,1,-1,-1,-1
44,3,6.710,237.791,459.574,336.629,1,-1,-1,-1
45,3,6.833,237.718,459.639,336.676,1,-1,-1,-1
46,3,6.956,237.646,459.705,336.724,1,-1,-1,-1
47,3,7.080,237.574,459.770,336.772,1,-1,-1,-1
48,3,7.203,237.502,459.835,336.819,1,-1,-1,-1
49,3,7.326,237.430,459.901,336.867,1,-1,-1,-1
50,3,7.450,237.358,459.966,336.915,1,-1,-1,-1
51,3,7.573,237.285,460.032,336.963,1,-1,-1,-1
52,3,7.696,237.213,460.097,337.010,1,-1,-1,-1
53,3,7.820,237.141,460.162,337.058,1,-1,-1,-1
54,3,7.943,237.069,460.228,337.106,1,-1,-1,-1
55,3,8.066,236.997,460.293,337.153,1,-1,-1,-1
56,3,8.189,236.925,460.359,337.201,1,-1,-1,-1
57,3,-0.360,224.295,476.961,350.547,1,-1,-1,-1
58,3,-0.791,223.486,478.087,351.374,1,-1,-1,-1
59,3,-4.792,215.136,484.559,359.353,1,-1,-1,-1
60,3,7.008,236.240,461.001,338.361,1,-1,-1,-1
61,3,5.096,234.383,463.875,340.152,1,-1,-1,-1
62,3,11.331,246.555,451.236,327.988,1,-1,-1,-1
63,3,16.015,257.808,440.365,316.795,1,-1,-1,-1
64,3,9.347,250.323,451.183,324.220,1,-1,-1,-1
65,3,10.284,252.029,448.798,322.506,1,-1,-1,-1
66,3,11.225,252.986,449.451,321.559,1,-1,-1,-1
67,3,12.647,257.247,445.986,317.237,1,-1,-1,-1
68,3,8.975,252.027,454.144,322.506,1,-1,-1,-1
69,3,9.697,253.117,452.603,321.412,1,-1,-1,-1
70,3,-10.830,223.573,488.707,350.989,1,-1,-1,-1
71,3,-12.702,221.331,491.828,353.229,1,-1,-1,-1
72,3,-19.988,203.811,509.125,370.629,1,-1,-1,-1
73,3,-22.679,200.099,514.206,374.327,1,-1,-1,-1
74,3,-25.370,196.388,519.286,378.026,1,-1,-1,-1
75,3,5.091,241.144,461.430,333.748,1,-1,-1,-1
76,3,16.344,261.502,438.859,313.624,1,-1,-1,-1
77,3,17.418,269.476,431.768,305.687,1,-1,-1,-1
78,3,11.986,261.015,445.286,314.162,1,-1,-1,-1
79,3,13.095,262.762,442.875,312.461,1,-1,-1,-1
80,3,14.205,264.508,440.465,310.760,1,-1,-1,-1
81,3,15.315,266.255,438.055,309.059,1,-1,-1,-1
82,3,16.424,268.001,435.645,307.357,1,-1,-1,-1
83,3,17.534,269.748,433.234,305.656,1,-1,-1,-1
84,3,18.644,271.494,430.824,303.955,1,-1,-1,-1
85,3,19.753,273.241,428.414,302.254,1,-1,-1,-1
86,3,-15.179,217.274,498.735,357.491,1,-1,-1,-1
87,3,-9.982,222.505,487.671,352.322,1,-1,-1,-1
88,3,-11.629,220.247,490.782,354.569,1,-1,-1,-1
89,3,-13.277,217.988,493.893,356.816,1,-1,-1,-1
90,3,-6.363,222.373,484.637,352.605,1,-1,-1,-1
91,3,-1.038,229.467,474.230,345.584,1,-1,-1,-1
92,3,-1.490,228.648,475.371,346.416,1,-1,-1,-1
93,3,-1.942,227.828,476.513,347.248,1,-1,-1,-1
94,3,-2.394,227.008,477.654,348.079,1,-1,-1,-1
95,3,-2.846,226.188,478.795,348.911,1,-1,-1,-1
96,3,-11.907,215.158,487.213,359.486,1,-1,-1,-1
97,3,-7.577,222.704,474.312,352.100,1,-1,-1,-1
98,3,-2.853,231.957,461.068,343.004,1,-1,-1,-1
99,3,-3.341,232.195,460.756,342.772,1,-1,-1,-1
100,3,-3.829,232.433,460.444,342.541,1,-1,-1,-1
101,3,-4.318,232.672,460.132,342.309,1,-1,-1,-1
102,3,-4.806,232.910,459.820,342.077,1,-1,-1,-1
103,3,-1.433,228.513,464.048,346.129,1,-1,-1,-1
104,3,-1.622,228.326,464.263,346.291,1,-1,-1,-1
105,3,-1.812,228.139,464.479,346.452,1,-1,-1,-1
106,3,-6.034,218.836,473.607,355.845,1,-1,-1,-1
107,3,-6.776,217.767,475.009,356.899,1,-1,-1,-1
108,3,-7.519,216.698,476.411,357.953,1,-1,-1,-1
109,3,0.038,229.693,458.981,344.924,1,-1,-1,-1
110,3,0.081,229.963,458.599,344.638,1,-1,-1,-1
111,3,0.125,230.232,458.218,344.352,1,-1,-1,-1
112,3,0.168,230.502,457.836,344.066,1,-1,-1,-1
113,3,4.255,239.944,446.402,334.843,1,-1,-1,-1
114,3,-1.321,230.383,456.754,344.322,1,-1,-1,-1
115,3,-1.624,230.373,456.761,344.327,1,-1,-1,-1
116,3,-1.927,230.364,456.767,344.333,1,-1,-1,-1
117,3,-2.229,230.355,456.773,344.339,1,-1,-1,-1
118,3,-6.211,211.717,477.663,362.834,1,-1,-1,-1
119,3,-3.023,214.039,473.196,360.583,1,-1,-1,-1
120,3,6.142,230.950,454.001,343.882,1,-1,-1,-1
121,3,6.782,231.447,453.362,343.400,1,-1,-1,-1
122,3,0.973,228.091,456.508,346.702,1,-1,-1,-1
123,3,0.861,228.177,456.402,346.623,1,-1,-1,-1
124,3,0.749,228.264,456.296,346.544,1,-1,-1,-1
125,3,0.637,228.350,456.190,346.464,1,-1,-1,-1
126,3,0.525,228.437,456.084,346.385,1,-1,-1,-1
127,3,0.412,228.523,455.978,346.305,1,-1,-1,-1
128,3,0.300,228.610,455.872,346.226,1,-1,-1,-1
129,3,0.188,228.696,455.766,346.147,1,-1,-1,-1
130,3,0.076,228.783,455.660,346.067,1,-1,-1,-1
131,3,-0.036,228.869,455.555,345.988,1,-1,-1,-1
132,3,-8.362,204.574,480.944,369.926,1,-1,-1,-1
133,3,-9.264,202.923,483.065,371.558,1,-1,-1,-1
134,3,-10.167,201.271,485.185,373.191,1,-1,-1,-1
135,3,-11.069,199.620,487.306,374.824,1,-1,-1,-1
136,3,-11.971,197.968,489.426,376.457,1,-1,-1,-1
137,3,0.583,213.000,469.362,361.536,1,-1,-1,-1
138,3,-0.451,210.096,470.732,364.369,1,-1,-1,-1
139,3,-0.487,209.582,471.376,364.869,1,-1,-1,-1
140,3,-0.523,209.068,472.019,365.369,1,-1,-1,-1
141,3,-0.559,208.553,472.663,365.869,1,-1,-1,-1
142,3,-0.594,208.039,473.306,366.369,1,-1,-1,-1
143,3,-0.630,207.525,473.950,366.868,1,-1,-1,-1
144,3,-0.666,207.011,474.593,367.368,1,-1,-1,-1
145,3,-0.702,206.497,475.237,367.868,1,-1,-1,-1
146,3,-1.088,210.353,467.427,364.137,1,-1,-1,-1
147,3,3.615,215.565,461.661,359.143,1,-1,-1,-1
148,3,3.947,215.922,461.224,358.804,1,-1,-1,-1
149,3,4.279,216.278,460.786,358.466,1,-1,-1,-1
150,3,4.611,216.635,460.349,358.128,1,-1,-1,-1
151,3,4.943,216.992,459.911,357.789,1,-1,-1,-1
152,3,5.275,217.348,459.474,357.451,1,-1,-1,-1
153,3,5.607,217.705,459.036,357.112,1,-1,-1,-1
154,3,5.939,218.062,458.599,356.774,1,-1,-1,-1
155,3,6.271,218.419,458.161,356.436,1,-1,-1,-1
156,3,6.603,218.775,457.724,356.097,1,-1,-1,-1
157,3,6.935,219.132,457.286,355.759,1,-1,-1,-1
158,3,7.267,219.489,456.849,355.421,1,-1,-1,-1
159,3,7.599,219.845,456.411,355.082,1,-1,-1,-1
160,3,2.387,218.404,456.644,356.220,1,-1,-1,-1
161,3,13.274,237.287,440.732,337.782,1,-1,-1,-1
162,3,19.209,250.194,432.178,325.163,1,-1,-1,-1
163,3,12.667,239.516,447.859,335.748,1,-1,-1,-1
164,3,11.292,238.417,451.392,336.765,1,-1,-1,-1
165,3,9.782,237.082,454.788,338.040,1,-1,-1,-1
166,3,14.147,246.239,446.439,329.078,1,-1,-1,-1
167,3,12.986,246.593,447.788,328.485,1,-1,-1,-1
168,3,2.043,229.280,468.879,345.571,1,-1,-1,-1
169,3,1.840,228.706,469.632,346.125,1,-1,-1,-1
170,3,1.638,228.132,470.385,346.679,1,-1,-1,-1
171,3,1.436,227.559,471.137,347.233,1,-1,-1,-1
172,3,1.234,226.985,471.890,347.787,1,-1,-1,-1
173,3,1.032,226.411,472.642,348.341,1,-1,-1,-1
174,3,0.829,225.837,473.395,348.896,1,-1,-1,-1
175,3,0.627,225.264,474.147,349.450,1,-1,-1,-1
176,3,-14.650,204.827,494.761,369.593,1,-1,-1,-1
177,3,-10.736,206.863,488.211,367.577,1,-1,-1,-1
178,3,0.394,223.801,467.565,350.861,1,-1,-1,-1
179,3,1.151,230.911,457.661,343.794,1,-1,-1,-1
180,3,-5.037,227.301,458.931,347.199,1,-1,-1,-1
181,3,3.799,235.600,449.063,338.886,1,-1,-1,-1
182,3,3.289,231.730,453.682,342.688,1,-1,-1,-1
183,3,0.018,225.177,460.983,349.197,1,-1,-1,-1
184,3,-7.739,209.396,478.002,364.946,1,-1,-1,-1
185,3,-9.024,207.502,480.439,366.808,1,-1,-1,-1
186,3,-10.309,205.609,482.876,368.670,1,-1,-1,-1
187,3,3.755,221.331,463.609,353.185,1,-1,-1,-1
188,3,6.235,223.679,461.867,350.973,1,-1,-1,-1
189,3,2.700,220.990,464.676,353.539,1,-1,-1,-1
190,3,-1.095,213.885,472.278,360.533,1,-1,-1,-1
191,3,-3.599,206.793,479.766,367.620,1,-1,-1,-1
192,3,-3.296,205.560,480.207,368.875,1,-1,-1,-1
193,3,-5.785,199.405,486.231,375.051,1,-1,-1,-1
194,3,-6.803,197.297,488.950,377.150,1,-1,-1,-1
195,3,-3.082,201.939,481.982,372.600,1,-1,-1,-1
196,3,-3.678,200.505,483.835,374.035,1,-1,-1,-1
197,3,-4.273,199.071,485.689,375.470,1,-1,-1,-1
198,3,-4.868,197.637,487.542,376.906,1,-1,-1,-1
199,3,-5.464,196.203,489.396,378.341,1,-1,-1,-1
200,3,-6.059,194.770,491.249,379.776,1,-1,-1,-1
201,3,-6.654,193.336,493.103,381.211,1,-1,-1,-1
202,3,-7.250,191.902,494.956,382.646,1,-1,-1,-1
203,3,20.360,242.827,435.934,331.715,1,-1,-1,-1
204,3,16.055,238.650,445.098,336.048,1,-1,-1,-1
205,3,11.498,234.920,451.684,339.735,1,-1,-1,-1
206,3,14.141,241.901,445.869,332.780,1,-1,-1,-1
207,3,6.125,230.634,460.249,343.824,1,-1,-1,-1
208,3,-0.791,218.746,473.997,355.640,1,-1,-1,-1
209,3,-3.117,214.474,477.673,359.877,1,-1,-1,-1
210,3,-0.408,218.164,472.451,356.320,1,-1,-1,-1
211,3,1.045,219.968,469.984,354.618,1,-1,-1,-1
212,3,2.488,221.045,468.918,353.668,1,-1,-1,-1
213,3,7.075,228.831,460.234,345.929,1,-1,-1,-1
214,3,9.358,233.901,455.212,340.869,1,-1,-1,-1
215,3,5.702,228.048,462.974,346.649,1,-1,-1,-1
216,3,12.453,241.284,448.120,333.404,1,-1,-1,-1
217,3,1.900,226.035,466.118,348.343,1,-1,-1,-1
218,3,-5.436,213.990,478.648,360.189,1,-1,-1,-1
219,3,-3.472,220.099,468.658,354.033,1,-1,-1,-1
220,3,-4.826,219.161,467.191,354.810,1,-1,-1,-1
221,3,0.775,221.831,463.665,352.284,1,-1,-1,-1
222,3,1.026,224.113,459.802,350.064,1,-1,-1,-1
223,3,-0.943,223.385,458.834,350.765,1,-1,-1,-1
224,3,-0.951,220.096,461.474,354.062,1,-1,-1,-1
225,3,-1.192,221.878,457.305,352.252,1,-1,-1,-1
226,3,-0.499,217.954,460.931,356.124,1,-1,-1,-1
227,3,1.724,215.532,463.424,358.610,1,-1,-1,-1
228,3,1.616,216.506,461.094,357.631,1,-1,-1,-1
229,3,3.579,219.848,457.225,354.611,1,-1,-1,-1
230,3,9.585,227.998,448.680,346.639,1,-1,-1,-1
231,3,10.161,228.668,447.859,346.006,1,-1,-1,-1
232,3,9.637,225.209,453.708,349.612,1,-1,-1,-1
233,3,10.159,225.434,453.477,349.437,1,-1,-1,-1
234,3,10.681,225.659,453.247,349.261,1,-1,-1,-1
235,3,11.202,225.884,453.017,349.086,1,-1,-1,-1
236,3,-4.427,200.582,482.059,373.770,1,-1,-1,-1
237,3,5.850,218.454,461.308,355.915,1,-1,-1,-1
238,3,3.881,215.946,464.276,358.415,1,-1,-1,-1
239,3,3.728,215.461,464.887,358.889,1,-1,-1,-1
240,3,3.576,214.977,465.498,359.363,1,-1,-1,-1
241,3,3.423,214.492,466.109,359.836,1,-1,-1,-1
242,3,3.271,214.008,466.720,360.310,1,-1,-1,-1
243,3,3.118,213.523,467.331,360.784,1,-1,-1,-1
244,3,2.966,213.039,467.942,361.258,1,-1,-1,-1
245,3,2.813,212.555,468.553,361.732,1,-1,-1,-1
246,3,2.660,212.070,469.164,362.206,1,-1,-1,-1
247,3,2.508,211.586,469.775,362.680,1,-1,-1,-1
248,3,2.355,211.101,470.386,363.153,1,-1,-1,-1
249,3,2.466,225.606,450.891,348.702,1,-1,-1,-1
250,3,-2.194,214.015,462.349,360.155,1,-1,-1,-1
251,3,-4.351,204.850,469.794,369.166,1,-1,-1,-1
252,3,-1.899,204.260,468.527,369.773,1,-1,-1,-1
253,3,-2.744,202.786,470.355,371.220,1,-1,-1,-1
254,3,-3.588,201.311,472.182,372.666,1,-1,-1,-1
255,3,1.653,207.073,463.905,367.193,1,-1,-1,-1
256,3,7.485,215.190,455.450,359.195,1,-1,-1,-1
257,3,7.464,215.988,455.090,358.353,1,-1,-1,-1
258,3,7.886,216.240,454.775,358.109,1,-1,-1,-1
259,3,9.992,230.973,437.668,343.366,1,-1,-1,-1
260,3,5.861,225.286,444.496,349.065,1,-1,-1,-1
261,3,5.976,226.247,443.276,348.111,1,-1,-1,-1
262,3,6.091,227.209,442.057,347.157,1,-1,-1,-1
263,3,6.206,228.170,440.838,346.203,1,-1,-1,-1
264,3,-5.513,200.069,472.940,374.139,1,-1,-1,-1
265,3,-6.814,197.886,472.204,376.285,1,-1,-1,-1
266,3,2.353,207.685,461.171,366.594,1,-1,-1,-1
267,3,3.377,209.857,458.378,364.408,1,-1,-1,-1
268,3,-1.829,199.264,469.066,374.786,1,-1,-1,-1
269,3,-2.631,197.727,470.952,376.298,1,-1,-1,-1
270,3,-3.432,196.190,472.837,377.810,1,-1,-1,-1
271,3,-4.234,194.653,474.723,379.321,1,-1,-1,-1
272,3,-5.035,193.117,476.608,380.833,1,-1,-1,-1
273,3,-5.837,191.580,478.494,382.345,1,-1,-1,-1
274,3,-9.779,187.691,478.117,386.264,1,-1,-1,-1
275,3,-2.231,206.379,454.236,367.767,1,-1,-1,-1
276,3,0.570,210.527,447.989,363.698,1,-1,-1,-1
277,3,7.870,218.228,440.579,356.042,1,-1,-1,-1
278,3,8.350,223.612,434.882,350.734,1,-1,-1,-1
279,3,3.676,213.369,446.438,360.911,1,-1,-1,-1
280,3,6.964,212.817,448.316,361.484,1,-1,-1,-1
281,3,9.250,213.541,448.590,360.676,1,-1,-1,-1
282,3,5.342,202.576,461.460,371.599,1,-1,-1,-1
283,3,3.024,198.010,465.937,376.128,1,-1,-1,-1
284,3,-1.118,187.784,476.294,386.303,1,-1,-1,-1
285,3,-1.209,186.730,475.955,387.309,1,-1,-1,-1
286,3,1.467,191.674,469.803,382.412,1,-1,-1,-1
287,3,5.993,200.786,459.888,373.359,1,-1,-1,-1
288,3,6.239,200.503,460.225,373.639,1,-1,-1,-1
289,3,6.486,200.220,460.563,373.920,1,-1,-1,-1
290,3,6.733,199.936,460.900,374.201,1,-1,-1,-1
291,3,2.166,206.069,453.349,368.239,1,-1,-1,-1
292,3,1.945,206.396,452.956,367.926,1,-1,-1,-1
293,3,5.024,210.279,449.161,364.081,1,-1,-1,-1
294,3,9.794,218.369,441.809,356.101,1,-1,-1,-1
295,3,17.541,241.691,417.914,332.906,1,-1,-1,-1
296,3,29.677,266.445,395.198,308.177,1,-1,-1,-1
297,3,33.454,280.228,384.994,294.285,1,-1,-1,-1
298,3,22.709,262.031,411.643,312.321,1,-1,-1,-1
299,3,25.209,265.959,406.456,308.385,1,-1,-1,-1
300,3,27.710,269.886,401.269,304.450,1,-1,-1,-1
301,3,17.784,263.394,413.268,311.035,1,-1,-1,-1
302,3,6.906,246.241,435.401,328.120,1,-1,-1,-1
303,3,-1.855,227.012,458.450,347.291,1,-1,-1,-1
304,3,-3.037,225.357,460.621,348.936,1,-1,-1,-1
305,3,-4.219,223.702,462.792,350.580,1,-1,-1,-1
306,3,-5.401,222.047,464.963,352.225,1,-1,-1,-1
307,3,-6.582,220.392,467.134,353.869,1,-1,-1,-1
308,3,9.773,242.927,440.853,331.774,1,-1,-1,-1
309,3,10.192,243.311,440.381,331.418,1,-1,-1,-1
310,3,10.611,243.694,439.909,331.062,1,-1,-1,-1
311,3,11.030,244.078,439.436,330.706,1,-1,-1,-1
312,3,15.380,247.391,439.784,327.369,1,-1,-1,-1
313,3,14.893,249.175,441.321,325.561,1,-1,-1,-1
314,3,16.201,252.793,440.779,321.947,1,-1,-1,-1
315,3,19.836,261.504,434.382,313.262,1,-1,-1,-1
316,3,15.727,256.721,443.686,317.995,1,-1,-1,-1
317,3,17.122,257.896,442.067,316.830,1,-1,-1,-1
318,3,18.518,259.071,440.448,315.664,1,-1,-1,-1
319,3,19.913,260.246,438.828,314.499,1,-1,-1,-1
320,3,21.309,261.421,437.209,313.333,1,-1,-1,-1
321,3,-10.165,215.373,495.019,358.848,1,-1,-1,-1
322,3,-12.723,207.615,500.053,366.546,1,-1,-1,-1
323,3,-14.926,203.964,504.979,370.154,1,-1,-1,-1
324,3,-17.128,200.314,509.906,373.762,1,-1,-1,-1
325,3,-7.292,212.595,490.821,361.869,1,-1,-1,-1
326,3,3.311,230.019,469.665,344.791,1,-1,-1,-1
327,3,1.843,227.925,471.825,346.801,1,-1,-1,-1
328,3,-4.357,216.681,484.168,357.942,1,-1,-1,-1
329,3,-7.919,209.433,490.291,365.033,1,-1,-1,-1
330,3,-9.144,204.963,493.190,369.486,1,-1,-1,-1
331,3,-8.036,204.901,490.573,369.492,1,-1,-1,-1
332,3,-4.907,207.617,485.484,366.852,1,-1,-1,-1
333,3,3.839,222.692,467.173,351.994,1,-1,-1,-1
334,3,8.933,231.433,457.142,343.346,1,-1,-1,-1
335,3,20.013,251.853,434.850,323.050,1,-1,-1,-1
336,3,17.070,249.733,440.340,325.281,1,-1,-1,-1
337,3,4.806,230.564,465.015,344.348,1,-1,-1,-1
338,3,2.838,227.535,468.888,347.352,1,-1,-1,-1
339,3,10.425,219.001,474.894,355.015,1,-1,-1,-1
340,3,11.645,232.545,459.657,341.995,1,-1,-1,-1
341,3,17.912,249.761,441.160,325.087,1,-1,-1,-1
342,3,14.368,247.062,446.795,327.773,1,-1,-1,-1
343,3,2.647,229.063,469.454,345.460,1,-1,-1,-1
344,3,-14.683,199.325,504.121,375.051,1,-1,-1,-1
345,3,-17.771,190.754,510.979,383.614,1,-1,-1,-1
346,3,-6.567,207.433,488.674,367.126,1,-1,-1,-1
347,3,-7.723,204.653,490.257,369.916,1,-1,-1,-1
348,3,-10.459,198.164,495.825,376.347,1,-1,-1,-1
349,3,3.976,221.120,468.439,353.790,1,-1,-1,-1
350,3,9.583,230.906,457.895,344.183,1,-1,-1,-1
351,3,14.497,240.422,448.262,334.646,1,-1,-1,-1
352,3,13.984,241.358,449.225,333.681,1,-1,-1,-1
353,3,9.551,235.733,457.654,339.242,1,-1,-1,-1
354,3,2.438,224.678,471.511,350.135,1,-1,-1,-1
355,3,7.182,210.062,484.633,363.783,1,-1,-1,-1
356,3,7.153,221.236,471.437,353.186,1,-1,-1,-1
357,3,-0.653,212.864,481.134,361.630,1,-1,-1,-1
358,3,-1.988,212.088,481.122,362.371,1,-1,-1,-1
359,3,1.176,217.812,473.545,356.588,1,-1,-1,-1
360,3,6.831,227.782,461.997,346.695,1,-1,-1,-1
361,3,0.946,218.169,473.949,356.423,1,-1,-1,-1
362,3,4.078,223.485,467.586,351.127,1,-1,-1,-1
363,3,12.933,239.043,450.341,335.757,1,-1,-1,-1
364,3,10.165,236.105,455.636,338.790,1,-1,-1,-1
365,3,6.496,230.993,462.761,343.899,1,-1,-1,-1
366,3,9.786,237.311,456.178,337.667,1,-1,-1,-1
367,3,17.017,251.243,441.397,323.850,1,-1,-1,-1
368,3,15.672,250.907,444.361,324.283,1,-1,-1,-1
369,3,9.195,241.726,457.360,333.416,1,-1,-1,-1
370,3,8.549,242.450,457.321,332.582,1,-1,-1,-1
371,3,17.428,259.939,437.229,315.044,1,-1,-1,-1
372,3,15.633,259.085,440.808,315.938,1,-1,-1,-1
373,3,17.022,261.397,437.611,313.641,1,-1,-1,-1
374,3,18.412,263.709,434.415,311.345,1,-1,-1,-1
375,3,19.802,266.020,431.218,309.049,1,-1,-1,-1
376,3,21.192,268.332,428.022,306.753,1,-1,-1,-1
377,3,4.001,238.902,469.430,336.279,1,-1,-1,-1
378,3,3.636,238.202,470.448,337.003,1,-1,-1,-1
379,3,5.035,242.064,465.787,332.862,1,-1,-1,-1
380,3,8.937,250.674,456.277,324.092,1,-1,-1,-1
381,3,12.695,259.421,447.787,315.561,1,-1,-1,-1
382,3,13.662,260.932,445.659,314.054,1,-1,-1,-1
383,3,14.630,262.442,443.531,312.548,1,-1,-1,-1
384,3,15.598,263.953,441.403,311.041,1,-1,-1,-1
385,3,16.334,265.946,443.154,309.351,1,-1,-1,-1
386,3,12.746,262.125,450.818,313.099,1,-1,-1,-1
387,3,10.919,260.703,454.925,314.565,1,-1,-1,-1
388,3,4.655,252.011,466.806,323.134,1,-1,-1,-1
389,3,2.095,248.992,470.603,326.160,1,-1,-1,-1
390,3,-0.019,244.827,475.341,330.235,1,-1,-1,-1
391,3,3.310,250.833,467.252,324.364,1,-1,-1,-1
392,3,5.653,256.600,459.621,318.562,1,-1,-1,-1
393,3,5.698,256.981,459.094,318.188,1,-1,-1,-1
394,3,-5.455,235.520,486.621,339.401,1,-1,-1,-1
395,3,-6.753,233.584,489.381,341.317,1,-1,-1,-1
396,3,-8.051,231.648,492.141,343.233,1,-1,-1,-1
397,3,-9.349,229.712,494.901,345.149,1,-1,-1,-1
398,3,-10.647,227.775,497.661,347.066,1,-1,-1,-1
399,3,-11.945,225.839,500.422,348.982,1,-1,-1,-1
400,3,-13.243,223.903,503.182,350.898,1,-1,-1,-1
401,3,0.841,246.445,470.998,328.507,1,-1,-1,-1
402,3,0.741,246.421,471.034,328.524,1,-1,-1,-1
403,3,0.642,246.398,471.070,328.541,1,-1,-1,-1
404,3,0.542,246.374,471.107,328.558,1,-1,-1,-1
405,3,0.443,246.351,471.143,328.575,1,-1,-1,-1
406,3,0.344,246.327,471.180,328.592,1,-1,-1,-1
407,3,0.244,246.303,471.216,328.609,1,-1,-1,-1
408,3,0.145,246.280,471.252,328.626,1,-1,-1,-1
409,3,0.045,246.256,471.289,328.643,1,-1,-1,-1
410,3,-0.054,246.233,471.325,328.660,1,-1,-1,-1
411,3,-2.351,245.569,470.349,329.385,1,-1,-1,-1
412,3,-2.679,245.500,470.457,329.452,1,-1,-1,-1
413,3,-14.546,222.940,493.438,351.664,1,-1,-1,-1
414,3,-1.950,242.741,467.622,332.019,1,-1,-1,-1
415,3,4.664,255.596,451.967,319.255,1,-1,-1,-1
416,3,6.364,257.402,451.020,317.470,1,-1,-1,-1
417,3,8.153,260.398,448.973,314.603,1,-1,-1,-1
418,3,8.849,263.875,445.904,311.160,1,-1,-1,-1
419,3,9.863,265.373,445.825,309.646,1,-1,-1,-1
420,3,8.555,263.597,449.737,311.448,1,-1,-1,-1
421,3,2.085,250.093,468.614,325.093,1,-1,-1,-1
422,3,2.180,249.726,469.198,325.490,1,-1,-1,-1
423,3,2.274,249.358,469.783,325.887,1,-1,-1,-1
424,3,2.369,248.990,470.369,326.284,1,-1,-1,-1
425,3,2.463,248.622,470.954,326.681,1,-1,-1,-1
426,3,2.557,248.254,471.539,327.078,1,-1,-1,-1
427,3,2.652,247.886,472.124,327.474,1,-1,-1,-1
428,3,-5.454,234.561,487.943,340.530,1,-1,-1,-1
429,3,-1.626,239.497,480.398,335.719,1,-1,-1,-1
430,3,6.083,252.528,464.486,322.812,1,-1,-1,-1
431,3,8.127,256.620,460.531,318.737,1,-1,-1,-1
432,3,-2.496,254.380,461.272,321.415,1,-1,-1,-1
433,3,-3.083,255.001,460.498,320.867,1,-1,-1,-1
434,3,-3.669,255.623,459.723,320.318,1,-1,-1,-1
435,3,0.879,256.170,457.690,319.280,1,-1,-1,-1
436,3,9.316,269.345,440.800,305.732,1,-1,-1,-1
437,3,10.297,271.320,437.927,303.732,1,-1,-1,-1
438,3,11.278,273.294,435.054,301.731,1,-1,-1,-1
439,3,12.260,275.268,432.181,299.730,1,-1,-1,-1
440,3,-1.716,250.442,465.716,324.527,1,-1,-1,-1
441,3,-8.626,236.340,480.889,338.367,1,-1,-1,-1
442,3,-2.625,243.992,469.690,330.871,1,-1,-1,-1
443,3,-8.222,241.413,469.307,333.345,1,-1,-1,-1
444,3,-13.569,229.668,480.737,344.881,1,-1,-1,-1
445,3,-4.646,240.430,465.943,334.431,1,-1,-1,-1
446,3,-1.184,249.870,452.879,325.167,1,-1,-1,-1
447,3,-10.546,231.346,474.251,343.339,1,-1,-1,-1
448,3,-13.339,217.494,489.437,357.030,1,-1,-1,-1
449,3,-15.341,214.274,493.787,360.200,1,-1,-1,-1
450,3,-17.342,211.055,498.136,363.370,1,-1,-1,-1
451,3,-2.975,227.354,475.541,347.201,1,-1,-1,-1
452,3,-3.496,225.923,477.460,348.599,1,-1,-1,-1
453,3,-4.017,224.492,479.378,349.997,1,-1,-1,-1
454,3,-4.538,223.061,481.297,351.395,1,-1,-1,-1
455,3,-5.059,221.629,483.215,352.793,1,-1,-1,-1
456,3,-5.580,220.198,485.134,354.190,1,-1,-1,-1
457,3,-6.101,218.767,487.052,355.588,1,-1,-1,-1
458,3,-6.622,217.336,488.971,356.986,1,-1,-1,-1
459,3,-7.143,215.904,490.889,358.384,1,-1,-1,-1
460,3,-7.664,214.473,492.808,359.782,1,-1,-1,-1
461,3,-8.185,213.042,494.726,361.180,1,-1,-1,-1
462,3,1.300,230.266,472.052,344.544,1,-1,-1,-1
463,3,5.640,238.604,463.266,336.244,1,-1,-1,-1
464,3,6.327,239.252,462.394,335.607,1,-1,-1,-1
465,3,7.015,239.901,461.521,334.970,1,-1,-1,-1
466,3,7.703,240.549,460.649,334.334,1,-1,-1,-1
467,3,8.391,241.197,459.776,333.697,1,-1,-1,-1
468,3,9.079,241.845,458.903,333.060,1,-1,-1,-1
469,3,9.767,242.493,458.031,332.423,1,-1,-1,-1
470,3,10.455,243.141,457.158,331.787,1,-1,-1,-1
471,3,11.143,243.789,456.285,331.150,1,-1,-1,-1
472,3,11.830,244.437,455.413,330.513,1,-1,-1,-1
473,3,12.518,245.085,454.540,329.876,1,-1,-1,-1
474,3,13.206,245.734,453.667,329.240,1,-1,-1,-1
475,3,13.894,246.382,452.795,328.603,1,-1,-1,-1
476,3,14.582,247.030,451.922,327.966,1,-1,-1,-1
477,3,15.270,247.678,451.049,327.329,1,-1,-1,-1
478,3,15.958,248.326,450.176,326.693,1,-1,-1,-1
479,3,16.646,248.974,449.303,326.056,1,-1,-1,-1
480,3,17.334,249.622,448.431,325.419,1,-1,-1,-1
481,3,13.002,270.622,426.480,304.245,1,-1,-1,-1
482,3,13.635,272.347,424.070,302.520,1,-1,-1,-1
483,3,14.268,274.073,421.660,300.796,1,-1,-1,-1
484,3,14.900,275.799,419.250,299.072,1,-1,-1,-1
485,3,15.533,277.525,416.840,297.347,1,-1,-1,-1
486,3,16.166,279.251,414.430,295.623,1,-1,-1,-1
487,3,16.799,280.977,412.019,293.898,1,-1,-1,-1
488,3,17.431,282.702,409.609,292.174,1,-1,-1,-1
489,3,18.064,284.428,407.198,290.450,1,-1,-1,-1
490,3,18.697,286.154,404.788,288.725,1,-1,-1,-1
491,3,19.330,287.880,402.377,287.001,1,-1,-1,-1
492,3,19.963,289.606,399.967,285.277,1,-1,-1,-1
493,3,20.596,291.331,397.556,283.552,1,-1,-1,-1
494,3,21.229,293.057,395.145,281.828,1,-1,-1,-1
495,3,21.862,294.783,392.734,280.104,1,-1,-1,-1
496,3,22.495,296.509,390.323,278.379,1,-1,-1,-1
497,3,23.129,298.235,387.912,276.655,1,-1,-1,-1
498,3,23.762,299.961,385.501,274.931,1,-1,-1,-1
499,3,24.395,301.686,383.090,273.206,1,-1,-1,-1
500,3,25.028,303.412,380.678,271.482,1,-1,-1,-1
501,3,25.662,305.138,378.267,269.757,1,-1,-1,-1
508,4,6.443,260.896,448.930,313.833,1,-1,-1,-1
509,4,1.625,258.274,452.284,316.372,1,-1,-1,-1
510,4,-7.128,247.207,466.684,327.328,1,-1,-1,-1
511,4,-2.656,253.638,457.520,321.062,1,-1,-1,-1
512,4,2.409,264.923,441.911,309.909,1,-1,-1,-1
513,4,0.222,264.871,441.236,309.791,1,-1,-1,-1
514,4,-4.269,257.871,449.482,316.565,1,-1,-1,-1
515,4,-5.749,257.619,449.763,316.763,1,-1,-1,-1
516,4,-7.229,257.367,450.045,316.961,1,-1,-1,-1
517,4,-8.710,257.115,450.327,317.160,1,-1,-1,-1
518,4,-10.190,256.863,450.608,317.358,1,-1,-1,-1
519,4,-11.671,256.612,450.890,317.557,1,-1,-1,-1
520,4,-13.151,256.360,451.172,317.755,1,-1,-1,-1
521,4,-14.632,256.108,451.454,317.953,1,-1,-1,-1
522,4,-16.112,255.856,451.735,318.152,1,-1,-1,-1
523,4,-17.593,255.604,452.017,318.350,1,-1,-1,-1
524,4,-19.073,255.352,452.299,318.549,1,-1,-1,-1
525,4,-20.553,255.100,452.580,318.747,1,-1,-1,-1
526,4,-22.034,254.848,452.862,318.945,1,-1,-1,-1
527,4,-23.514,254.596,453.144,319.144,1,-1,-1,-1
528,4,-24.995,254.344,453.425,319.342,1,-1,-1,-1
529,4,-26.475,254.092,453.707,319.541,1,-1,-1,-1
530,4,-27.956,253.840,453.989,319.739,1,-1,-1,-1
531,4,0.091,270.614,430.728,304.171,1,-1,-1,-1
532,4,2.419,273.797,426.603,300.996,1,-1,-1,-1
533,4,3.566,275.733,424.443,298.989,1,-1,-1,-1
534,4,5.815,275.746,425.971,298.992,1,-1,-1,-1
535,4,6.298,274.926,428.413,299.779,1,-1,-1,-1
536,4,2.393,268.171,437.417,306.445,1,-1,-1,-1
537,4,-2.226,263.689,441.849,310.875,1,-1,-1,-1
538,4,-2.674,262.965,442.857,311.584,1,-1,-1,-1
539,4,-3.122,262.240,443.866,312.294,1,-1,-1,-1
540,4,-3.569,261.516,444.874,313.003,1,-1,-1,-1
541,4,-4.017,260.791,445.882,313.713,1,-1,-1,-1
542,4,-4.464,260.067,446.890,314.422,1,-1,-1,-1
543,4,-4.912,259.342,447.898,315.131,1,-1,-1,-1
544,4,-5.359,258.618,448.907,315.841,1,-1,-1,-1
545,4,-5.807,257.893,449.915,316.550,1,-1,-1,-1
546,4,-6.254,257.169,450.923,317.259,1,-1,-1,-1
547,4,-6.702,256.445,451.931,317.969,1,-1,-1,-1
548,4,-7.150,255.720,452.939,318.678,1,-1,-1,-1
549,4,-7.597,254.996,453.948,319.387,1,-1,-1,-1
550,4,-8.045,254.271,454.956,320.097,1,-1,-1,-1
551,4,-8.492,253.547,455.964,320.806,1,-1,-1,-1
552,4,-8.940,252.822,456.972,321.515,1,-1,-1,-1
553,4,-9.387,252.098,457.980,322.225,1,-1,-1,-1
554,4,-9.835,251.373,458.989,322.934,1,-1,-1,-1
555,4,-10.282,250.649,459.997,323.643,1,-1,-1,-1
556,4,-10.730,249.925,461.005,324.353,1,-1,-1,-1
557,4,-18.480,231.590,473.791,342.668,1,-1,-1,-1
558,4,-19.585,229.995,475.975,344.248,1,-1,-1,-1
559,4,-20.690,228.400,478.158,345.828,1,-1,-1,-1
560,4,-21.795,226.805,480.342,347.407,1,-1,-1,-1
561,4,-22.900,225.210,482.525,348.987,1,-1,-1,-1
562,4,-24.005,223.615,484.709,350.566,1,-1,-1,-1
563,4,-25.110,222.020,486.893,352.146,1,-1,-1,-1
564,4,-26.215,220.425,489.076,353.725,1,-1,-1,-1
565,4,-12.798,228.009,469.537,346.172,1,-1,-1,-1
566,4,-2.102,243.366,448.634,330.855,1,-1,-1,-1
567,4,0.942,248.600,441.513,325.656,1,-1,-1,-1
568,4,1.956,249.833,439.838,324.421,1,-1,-1,-1
569,4,2.970,251.065,438.164,323.187,1,-1,-1,-1
570,4,14.485,270.351,418.192,304.120,1,-1,-1,-1
571,4,14.723,277.385,412.343,297.043,1,-1,-1,-1
572,4,13.555,278.692,413.602,295.805,1,-1,-1,-1
573,4,15.791,282.055,408.928,292.462,1,-1,-1,-1
574,4,18.026,285.419,404.255,289.120,1,-1,-1,-1
575,4,20.262,288.783,399.581,285.778,1,-1,-1,-1
576,4,22.498,292.146,394.908,282.435,1,-1,-1,-1
577,4,24.734,295.510,390.234,279.093,1,-1,-1,-1
578,4,26.970,298.874,385.561,275.750,1,-1,-1,-1
579,4,29.206,302.237,380.887,272.408,1,-1,-1,-1
580,4,31.441,305.601,376.214,269.066,1,-1,-1,-1
581,4,33.677,308.964,371.540,265.723,1,-1,-1,-1
582,4,35.913,312.328,366.867,262.381,1,-1,-1,-1
583,4,38.149,315.692,362.193,259.038,1,-1,-1,-1
584,4,40.385,319.055,357.520,255.696,1,-1,-1,-1
585,4,42.620,322.419,352.846,252.354,1,-1,-1,-1
586,4,44.856,325.783,348.172,249.011,1,-1,-1,-1
587,4,47.092,329.146,343.499,245.669,1,-1,-1,-1
588,4,49.328,332.510,338.825,242.326,1,-1,-1,-1
589,4,-3.682,275.443,413.840,298.985,1,-1,-1,-1
590,4,-2.084,278.832,406.179,295.599,1,-1,-1,-1
591,4,-6.384,270.303,412.496,304.062,1,-1,-1,-1
592,4,3.852,276.317,405.512,299.109,1,-1,-1,-1
593,4,-3.632,270.203,409.294,304.594,1,-1,-1,-1
594,4,5.285,273.365,405.946,302.227,1,-1,-1,-1
595,4,-5.966,258.849,420.036,316.060,1,-1,-1,-1
596,4,-13.601,244.768,432.952,329.916,1,-1,-1,-1
597,4,-23.429,222.353,453.896,352.095,1,-1,-1,-1
598,4,-30.621,202.682,469.744,371.603,1,-1,-1,-1
599,4,-34.803,196.495,477.512,377.750,1,-1,-1,-1
600,4,-38.985,190.308,485.280,383.898,1,-1,-1,-1
601,4,-43.166,184.121,493.047,390.046,1,-1,-1,-1
602,4,-47.348,177.934,500.814,396.194,1,-1,-1,-1
603,4,-51.530,171.747,508.582,402.342,1,-1,-1,-1
604,4,-55.711,165.560,516.349,408.489,1,-1,-1,-1
605,4,-26.820,203.626,458.256,370.481,1,-1,-1,-1
606,4,-28.948,200.614,461.937,373.461,1,-1,-1,-1
607,4,-31.077,197.601,465.619,376.441,1,-1,-1,-1
608,4,-38.223,170.170,482.778,403.493,1,-1,-1,-1
609,4,-30.436,174.751,466.525,399.016,1,-1,-1,-1
610,4,-26.301,173.962,458.550,399.871,1,-1,-1,-1
611,4,-13.622,193.913,433.109,380.272,1,-1,-1,-1
612,4,-2.266,215.439,409.054,358.970,1,-1,-1,-1
613,4,4.878,228.724,395.944,345.884,1,-1,-1,-1
614,4,1.183,220.702,404.620,353.940,1,-1,-1,-1
615,4,4.198,225.959,399.972,348.811,1,-1,-1,-1
616,4,12.379,243.293,384.100,331.751,1,-1,-1,-1
617,4,12.355,239.744,390.512,335.218,1,-1,-1,-1
618,4,14.398,242.451,387.425,332.573,1,-1,-1,-1
619,4,16.441,245.159,384.338,329.928,1,-1,-1,-1
620,4,18.485,247.866,381.251,327.283,1,-1,-1,-1
621,4,20.528,250.574,378.164,324.638,1,-1,-1,-1
622,4,22.571,253.281,375.077,321.993,1,-1,-1,-1
623,4,24.614,255.989,371.990,319.348,1,-1,-1,-1
624,4,26.658,258.696,368.903,316.703,1,-1,-1,-1
625,4,28.701,261.404,365.817,314.058,1,-1,-1,-1
626,4,30.744,264.111,362.730,311.413,1,-1,-1,-1
627,4,-11.681,194.882,436.008,379.287,1,-1,-1,-1
628,4,-13.124,192.263,438.962,381.864,1,-1,-1,-1
629,4,-9.201,194.093,432.773,380.000,1,-1,-1,-1
630,4,-10.351,191.847,435.275,382.204,1,-1,-1,-1
631,4,2.152,215.410,409.949,358.956,1,-1,-1,-1
632,4,-6.483,200.270,422.748,373.930,1,-1,-1,-1
633,4,-0.062,214.220,407.736,360.162,1,-1,-1,-1
634,4,-0.235,214.356,407.570,360.022,1,-1,-1,-1
635,4,-0.408,214.492,407.404,359.882,1,-1,-1,-1
636,4,-0.581,214.627,407.239,359.743,1,-1,-1,-1
637,4,2.140,224.604,396.663,349.956,1,-1,-1,-1
638,4,17.828,247.003,377.423,328.563,1,-1,-1,-1
639,4,25.288,261.495,366.625,314.406,1,-1,-1,-1
640,4,15.850,257.268,373.078,317.845,1,-1,-1,-1
641,4,10.066,251.810,380.952,323.213,1,-1,-1,-1
642,4,7.698,250.482,383.516,324.339,1,-1,-1,-1
643,4,-1.566,233.949,400.860,340.639,1,-1,-1,-1
644,4,-8.824,218.532,415.457,355.947,1,-1,-1,-1
645,4,-10.762,212.280,419.802,362.281,1,-1,-1,-1
646,4,-10.347,210.235,419.515,364.342,1,-1,-1,-1
647,4,1.737,232.836,395.158,341.729,1,-1,-1,-1
648,4,-0.122,227.229,400.565,347.296,1,-1,-1,-1
