3,1,411.091,37.862,166.013,159.724,1,-1,-1,-1
4,1,405.897,38.355,166.897,160.305,1,-1,-1,-1
5,1,396.538,32.612,172.289,165.535,1,-1,-1,-1
6,1,384.860,27.811,177.350,170.667,1,-1,-1,-1
7,1,375.495,21.785,184.219,177.811,1,-1,-1,-1
8,1,369.482,18.310,186.260,180.365,1,-1,-1,-1
9,1,367.769,17.137,186.502,181.196,1,-1,-1,-1
10,1,364.249,12.134,189.303,184.762,1,-1,-1,-1
11,1,359.302,9.400,191.201,187.617,1,-1,-1,-1
12,1,352.826,6.830,192.842,190.386,1,-1,-1,-1
13,1,347.426,6.203,193.250,191.623,1,-1,-1,-1
14,1,349.367,17.323,183.064,180.787,1,-1,-1,-1
15,1,352.349,26.281,175.253,171.803,1,-1,-1,-1
16,1,353.200,31.668,171.264,166.238,1,-1,-1,-1
17,1,355.402,38.193,165.053,157.473,1,-1,-1,-1
18,1,355.570,39.932,166.096,156.077,1,-1,-1,-1
19,1,354.505,45.858,165.033,151.829,1,-1,-1,-1
20,1,354.272,47.440,167.530,151.794,1,-1,-1,-1
21,1,361.849,48.185,166.378,150.522,1,-1,-1,-1
22,1,349.334,43.479,173.752,154.777,1,-1,-1,-1
22,3,605.060,15.873,45.831,48.595,1,-1,-1,-1
23,1,341.541,40.630,179.137,156.969,1,-1,-1,-1
23,3,604.002,13.414,47.666,50.719,1,-1,-1,-1
24,1,333.459,30.662,189.858,164.630,1,-1,-1,-1
24,3,604.185,11.489,48.136,51.506,1,-1,-1,-1
25,1,328.165,25.374,196.554,168.769,1,-1,-1,-1
25,3,607.543,10.077,46.032,49.514,1,-1,-1,-1
26,1,320.391,12.937,210.787,180.898,1,-1,-1,-1
26,3,608.059,5.545,47.236,51.169,1,-1,-1,-1
27,1,316.931,7.038,217.417,186.660,1,-1,-1,-1
27,3,608.335,3.984,47.418,51.737,1,-1,-1,-1
28,1,313.757,1.554,222.659,191.419,1,-1,-1,-1
28,3,608.391,2.099,48.205,52.595,1,-1,-1,-1
29,1,311.648,-0.499,225.190,193.543,1,-1,-1,-1
29,3,608.447,0.214,48.991,53.453,1,-1,-1,-1
30,1,310.582,-1.191,225.954,193.964,1,-1,-1,-1
30,3,608.503,-1.671,49.777,54.311,1,-1,-1,-1
31,1,309.842,-1.352,226.841,194.676,1,-1,-1,-1
31,3,608.559,-3.555,50.563,55.169,1,-1,-1,-1
32,1,309.301,-1.321,226.827,194.387,1,-1,-1,-1
32,3,608.615,-5.440,51.350,56.027,1,-1,-1,-1
33,1,309.033,-1.218,226.858,194.153,1,-1,-1,-1
33,3,608.671,-7.325,52.136,56.885,1,-1,-1,-1
34,1,307.386,-1.099,226.336,192.792,1,-1,-1,-1
34,3,608.727,-9.209,52.922,57.743,1,-1,-1,-1
35,1,305.504,-0.976,226.421,192.082,1,-1,-1,-1
35,3,608.783,-11.094,53.709,58.600,1,-1,-1,-1
36,1,303.059,-0.866,227.345,191.723,1,-1,-1,-1
36,3,608.839,-12.979,54.495,59.458,1,-1,-1,-1
37,1,301.490,-0.766,228.198,191.273,1,-1,-1,-1
37,3,608.895,-14.863,55.281,60.316,1,-1,-1,-1
38,1,301.360,-0.677,228.630,190.587,1,-1,-1,-1
38,3,608.951,-16.748,56.068,61.174,1,-1,-1,-1
39,1,301.680,-0.596,228.946,189.926,1,-1,-1,-1
39,3,609.006,-18.633,56.854,62.032,1,-1,-1,-1
40,1,302.129,0.468,228.495,188.527,1,-1,-1,-1
40,3,609.062,-20.517,57.640,62.890,1,-1,-1,-1
41,1,328.437,-0.088,222.453,187.876,1,-1,-1,-1
41,3,609.118,-22.402,58.427,63.748,1,-1,-1,-1
42,1,340.407,-0.085,215.301,185.580,1,-1,-1,-1
42,3,609.174,-24.287,59.213,64.606,1,-1,-1,-1
43,1,347.418,4.240,206.338,180.697,1,-1,-1,-1
43,3,609.230,-26.171,59.999,65.464,1,-1,-1,-1
44,1,347.161,2.746,205.468,182.522,1,-1,-1,-1
44,3,609.286,-28.056,60.786,66.322,1,-1,-1,-1
45,1,348.069,2.922,202.924,182.518,1,-1,-1,-1
45,3,609.342,-29.941,61.572,67.180,1,-1,-1,-1
46,1,346.818,1.123,201.912,183.443,1,-1,-1,-1
46,3,609.398,-31.826,62.358,68.038,1,-1,-1,-1
47,1,347.632,1.550,197.031,180.187,1,-1,-1,-1
47,3,609.454,-33.710,63.144,68.896,1,-1,-1,-1
48,1,345.859,2.455,196.258,180.474,1,-1,-1,-1
49,1,345.604,2.673,192.089,176.898,1,-1,-1,-1
50,1,346.393,2.569,191.254,176.129,1,-1,-1,-1
51,1,320.218,0.527,198.333,178.957,1,-1,-1,-1
52,1,318.263,0.209,197.920,178.584,1,-1,-1,-1
53,1,316.307,-0.109,197.507,178.211,1,-1,-1,-1
54,1,314.352,-0.427,197.094,177.839,1,-1,-1,-1
55,1,312.396,-0.745,196.681,177.466,1,-1,-1,-1
55,6,264.799,6.881,251.872,163.365,1,-1,-1,-1
56,1,310.441,-1.063,196.268,177.094,1,-1,-1,-1
56,6,264.676,10.528,245.480,159.206,1,-1,-1,-1
57,1,308.486,-1.380,195.855,176.721,1,-1,-1,-1
57,6,260.055,9.719,250.375,162.608,1,-1,-1,-1
58,1,306.530,-1.698,195.442,176.349,1,-1,-1,-1
58,6,258.560,9.228,252.121,164.008,1,-1,-1,-1
59,1,304.575,-2.016,195.029,175.976,1,-1,-1,-1
59,6,259.313,9.071,249.953,163.051,1,-1,-1,-1
60,1,302.619,-2.334,194.616,175.604,1,-1,-1,-1
60,6,258.549,10.037,248.792,162.294,1,-1,-1,-1
61,1,300.664,-2.652,194.203,175.231,1,-1,-1,-1
61,6,257.784,11.003,247.632,161.537,1,-1,-1,-1
62,1,298.708,-2.970,193.790,174.859,1,-1,-1,-1
62,6,257.020,11.969,246.471,160.780,1,-1,-1,-1
63,1,296.753,-3.288,193.377,174.486,1,-1,-1,-1
63,6,256.256,12.935,245.311,160.023,1,-1,-1,-1
64,1,294.797,-3.605,192.965,174.113,1,-1,-1,-1
64,6,255.492,13.901,244.150,159.266,1,-1,-1,-1
65,1,292.842,-3.923,192.552,173.741,1,-1,-1,-1
65,6,254.728,14.868,242.990,158.509,1,-1,-1,-1
66,1,290.886,-4.241,192.139,173.368,1,-1,-1,-1
66,6,253.964,15.834,241.829,157.752,1,-1,-1,-1
67,1,288.931,-4.559,191.726,172.996,1,-1,-1,-1
67,6,253.200,16.800,240.669,156.995,1,-1,-1,-1
68,1,286.975,-4.877,191.313,172.623,1,-1,-1,-1
68,6,252.436,17.766,239.508,156.238,1,-1,-1,-1
69,1,295.916,13.053,179.245,163.025,1,-1,-1,-1
69,6,251.672,18.732,238.348,155.481,1,-1,-1,-1
70,1,296.327,13.239,177.118,161.801,1,-1,-1,-1
70,6,250.908,19.698,237.187,154.724,1,-1,-1,-1
71,1,295.048,13.836,176.137,160.905,1,-1,-1,-1
71,6,250.144,20.664,236.027,153.967,1,-1,-1,-1
72,1,293.769,14.432,175.157,160.010,1,-1,-1,-1
72,6,249.380,21.630,234.866,153.210,1,-1,-1,-1
73,1,292.490,15.029,174.177,159.115,1,-1,-1,-1
73,6,248.616,22.597,233.706,152.453,1,-1,-1,-1
74,1,291.211,15.626,173.196,158.219,1,-1,-1,-1
74,6,247.852,23.563,232.545,151.696,1,-1,-1,-1
75,1,304.550,21.428,172.157,159.654,1,-1,-1,-1
75,6,247.088,24.529,231.385,150.938,1,-1,-1,-1
76,1,306.312,22.150,170.138,159.491,1,-1,-1,-1
76,6,246.324,25.495,230.224,150.181,1,-1,-1,-1
77,1,308.047,23.390,166.602,157.444,1,-1,-1,-1
77,6,245.560,26.461,229.064,149.424,1,-1,-1,-1
78,1,310.164,26.246,161.283,153.082,1,-1,-1,-1
78,6,244.796,27.427,227.903,148.667,1,-1,-1,-1
79,1,310.590,27.551,160.021,151.885,1,-1,-1,-1
79,6,244.032,28.393,226.743,147.910,1,-1,-1,-1
80,1,311.016,28.857,158.760,150.688,1,-1,-1,-1
81,1,307.854,38.181,144.861,135.826,1,-1,-1,-1
82,1,306.681,39.607,144.005,133.752,1,-1,-1,-1
83,1,304.286,40.980,144.535,132.884,1,-1,-1,-1
84,1,299.220,36.926,149.235,137.171,1,-1,-1,-1
85,1,293.165,34.929,152.764,139.960,1,-1,-1,-1
86,1,291.754,35.720,151.719,139.002,1,-1,-1,-1
87,1,290.342,36.510,150.674,138.045,1,-1,-1,-1
88,1,281.333,32.911,163.537,150.321,1,-1,-1,-1
89,1,279.098,33.241,164.005,150.751,1,-1,-1,-1
90,1,276.862,33.571,164.474,151.182,1,-1,-1,-1
91,1,274.626,33.901,164.942,151.613,1,-1,-1,-1
92,1,269.977,38.286,155.631,140.644,1,-1,-1,-1
93,1,267.378,39.419,155.210,138.334,1,-1,-1,-1
94,1,266.220,39.861,155.728,137.174,1,-1,-1,-1
95,1,262.101,40.215,156.912,136.321,1,-1,-1,-1
96,1,259.703,42.593,155.995,133.605,1,-1,-1,-1
97,1,257.689,43.459,154.782,132.566,1,-1,-1,-1
97,8,332.000,394.754,65.571,80.328,1,-1,-1,-1
98,1,244.888,41.958,173.586,148.864,1,-1,-1,-1
98,8,331.111,395.146,65.651,80.427,1,-1,-1,-1
99,1,244.132,43.508,168.577,143.118,1,-1,-1,-1
99,8,330.222,395.539,65.732,80.526,1,-1,-1,-1
100,1,243.341,44.047,167.419,141.055,1,-1,-1,-1
100,8,329.333,395.931,65.813,80.625,1,-1,-1,-1
101,1,240.715,44.724,167.431,141.065,1,-1,-1,-1
101,8,328.444,396.323,65.894,80.724,1,-1,-1,-1
102,1,239.818,45.175,162.831,135.240,1,-1,-1,-1
102,8,327.554,396.716,65.974,80.823,1,-1,-1,-1
103,1,234.774,46.401,166.551,136.946,1,-1,-1,-1
103,8,326.665,397.108,66.055,80.922,1,-1,-1,-1
104,1,231.117,46.919,167.682,136.410,1,-1,-1,-1
104,8,325.776,397.500,66.136,81.021,1,-1,-1,-1
105,1,228.365,47.765,170.579,137.720,1,-1,-1,-1
105,8,324.887,397.893,66.216,81.120,1,-1,-1,-1
106,1,226.677,48.058,173.066,138.876,1,-1,-1,-1
106,8,323.998,398.285,66.297,81.218,1,-1,-1,-1
107,1,226.769,48.578,173.620,138.663,1,-1,-1,-1
107,8,323.108,398.677,66.378,81.317,1,-1,-1,-1
108,1,224.331,48.295,177.307,141.429,1,-1,-1,-1
108,8,322.219,399.070,66.459,81.416,1,-1,-1,-1
109,1,220.379,48.340,181.761,144.844,1,-1,-1,-1
109,8,321.330,399.462,66.539,81.515,1,-1,-1,-1
110,1,218.256,48.659,182.223,144.955,1,-1,-1,-1
110,8,320.441,399.854,66.620,81.614,1,-1,-1,-1
111,1,215.432,49.460,184.364,146.757,1,-1,-1,-1
111,8,319.551,400.247,66.701,81.713,1,-1,-1,-1
112,1,214.477,50.100,184.336,146.744,1,-1,-1,-1
112,8,318.662,400.639,66.782,81.812,1,-1,-1,-1
113,1,212.939,50.932,182.107,144.486,1,-1,-1,-1
113,8,317.773,401.031,66.862,81.911,1,-1,-1,-1
114,1,207.613,51.533,183.533,145.194,1,-1,-1,-1
114,8,316.884,401.424,66.943,82.010,1,-1,-1,-1
115,1,203.918,52.671,184.268,145.434,1,-1,-1,-1
115,8,315.995,401.816,67.024,82.108,1,-1,-1,-1
116,1,200.261,54.556,185.887,146.353,1,-1,-1,-1
116,8,315.105,402.208,67.104,82.207,1,-1,-1,-1
117,1,197.655,55.315,186.403,146.757,1,-1,-1,-1
117,8,314.216,402.601,67.185,82.306,1,-1,-1,-1
118,1,195.049,56.073,186.918,147.161,1,-1,-1,-1
118,13,534.201,281.300,258.648,198.700,1,-1,-1,-1
119,1,192.443,56.832,187.434,147.565,1,-1,-1,-1
119,13,532.472,282.765,256.986,197.235,1,-1,-1,-1
120,1,199.466,59.632,178.881,139.590,1,-1,-1,-1
120,13,532.387,284.014,255.358,195.986,1,-1,-1,-1
121,1,194.427,58.301,187.317,146.353,1,-1,-1,-1
121,13,528.344,283.839,256.236,196.161,1,-1,-1,-1
122,1,191.601,57.278,191.638,150.231,1,-1,-1,-1
122,13,525.394,284.058,256.668,195.942,1,-1,-1,-1
123,1,189.560,57.280,192.851,151.169,1,-1,-1,-1
123,13,524.156,284.845,255.638,195.155,1,-1,-1,-1
124,1,188.565,57.077,193.749,151.833,1,-1,-1,-1
124,13,523.564,284.481,257.219,195.519,1,-1,-1,-1
125,1,188.751,60.026,193.247,151.897,1,-1,-1,-1
125,13,520.043,281.274,262.024,198.726,1,-1,-1,-1
126,1,190.795,62.731,190.765,150.538,1,-1,-1,-1
126,13,518.677,281.333,261.947,198.667,1,-1,-1,-1
127,1,188.858,63.131,190.292,150.401,1,-1,-1,-1
127,13,517.311,281.391,261.870,198.609,1,-1,-1,-1
128,1,192.127,65.870,185.371,147.014,1,-1,-1,-1
128,13,515.945,281.450,261.793,198.550,1,-1,-1,-1
129,1,189.252,64.534,187.625,148.856,1,-1,-1,-1
129,13,514.578,281.508,261.716,198.492,1,-1,-1,-1
130,1,188.243,64.058,188.365,149.489,1,-1,-1,-1
130,13,513.212,281.567,261.639,198.433,1,-1,-1,-1
131,1,191.661,65.460,184.760,146.060,1,-1,-1,-1
131,13,511.846,281.625,261.561,198.375,1,-1,-1,-1
132,1,199.926,65.950,183.703,146.067,1,-1,-1,-1
132,13,510.480,281.683,261.484,198.317,1,-1,-1,-1
133,1,197.681,63.697,188.082,149.146,1,-1,-1,-1
133,13,509.113,281.742,261.407,198.258,1,-1,-1,-1
134,1,206.963,63.379,188.360,149.798,1,-1,-1,-1
134,13,507.747,281.800,261.330,198.200,1,-1,-1,-1
135,1,220.835,65.557,183.689,147.649,1,-1,-1,-1
135,13,506.381,281.859,261.253,198.141,1,-1,-1,-1
136,1,219.340,64.158,186.345,149.343,1,-1,-1,-1
136,13,505.015,281.917,261.176,198.083,1,-1,-1,-1
137,1,213.759,60.575,192.321,151.748,1,-1,-1,-1
137,13,498.328,280.787,256.459,199.213,1,-1,-1,-1
138,1,205.451,55.734,199.426,156.616,1,-1,-1,-1
138,13,499.346,277.122,255.825,202.878,1,-1,-1,-1
139,1,205.669,57.130,200.394,156.235,1,-1,-1,-1
139,13,499.021,272.652,255.962,207.348,1,-1,-1,-1
140,1,204.424,54.923,203.176,157.450,1,-1,-1,-1
140,13,497.003,271.841,256.962,208.159,1,-1,-1,-1
141,1,205.594,56.905,201.559,154.774,1,-1,-1,-1
141,13,494.986,271.031,257.962,208.969,1,-1,-1,-1
142,1,205.514,57.531,201.890,153.824,1,-1,-1,-1
142,13,492.968,270.220,258.963,209.780,1,-1,-1,-1
143,1,205.622,57.468,204.252,154.235,1,-1,-1,-1
143,13,490.951,269.410,259.963,210.590,1,-1,-1,-1
144,1,204.681,54.278,211.509,158.638,1,-1,-1,-1
144,13,488.933,268.599,260.963,211.401,1,-1,-1,-1
145,1,202.599,52.041,217.401,162.330,1,-1,-1,-1
145,13,486.916,267.789,261.964,212.212,1,-1,-1,-1
146,1,202.809,51.313,218.849,163.408,1,-1,-1,-1
146,13,484.898,266.978,262.964,213.022,1,-1,-1,-1
147,1,203.019,50.585,220.297,164.487,1,-1,-1,-1
147,13,482.881,266.167,263.964,213.833,1,-1,-1,-1
148,1,203.229,49.857,221.746,165.565,1,-1,-1,-1
148,13,480.863,265.357,264.965,214.643,1,-1,-1,-1
149,1,210.746,50.983,232.330,170.447,1,-1,-1,-1
149,13,478.846,264.546,265.965,215.454,1,-1,-1,-1
150,1,217.403,50.820,233.518,171.217,1,-1,-1,-1
150,13,476.829,263.736,266.965,216.264,1,-1,-1,-1
151,1,231.883,52.083,228.526,169.756,1,-1,-1,-1
151,13,474.811,262.925,267.966,217.075,1,-1,-1,-1
152,1,234.600,51.737,229.982,170.834,1,-1,-1,-1
152,13,472.794,262.115,268.966,217.885,1,-1,-1,-1
152,14,508.179,15.025,30.403,37.013,1,-1,-1,-1
153,1,237.316,51.391,231.437,171.912,1,-1,-1,-1
153,13,470.776,261.304,269.966,218.696,1,-1,-1,-1
153,14,510.421,16.539,30.054,36.589,1,-1,-1,-1
154,1,240.033,51.045,232.893,172.990,1,-1,-1,-1
154,13,468.759,260.494,270.967,219.506,1,-1,-1,-1
154,14,512.663,18.053,29.706,36.165,1,-1,-1,-1
155,1,242.749,50.699,234.349,174.068,1,-1,-1,-1
155,13,466.741,259.683,271.967,220.317,1,-1,-1,-1
155,14,512.453,19.994,30.826,37.406,1,-1,-1,-1
156,1,245.465,50.353,235.805,175.146,1,-1,-1,-1
156,13,464.724,258.873,272.967,221.127,1,-1,-1,-1
156,14,513.133,22.458,32.131,39.095,1,-1,-1,-1
157,1,248.182,50.007,237.260,176.224,1,-1,-1,-1
157,13,462.706,258.062,273.968,221.938,1,-1,-1,-1
157,14,515.838,23.367,33.265,40.550,1,-1,-1,-1
158,1,250.898,49.661,238.716,177.303,1,-1,-1,-1
158,13,460.689,257.252,274.968,222.748,1,-1,-1,-1
158,14,521.061,26.621,31.672,38.709,1,-1,-1,-1
159,1,253.615,49.316,240.172,178.381,1,-1,-1,-1
159,13,458.671,256.441,275.968,223.559,1,-1,-1,-1
159,14,524.058,28.052,31.458,38.548,1,-1,-1,-1
160,1,256.331,48.970,241.628,179.459,1,-1,-1,-1
160,14,525.769,30.136,29.910,36.558,1,-1,-1,-1
161,1,259.047,48.624,243.084,180.537,1,-1,-1,-1
161,14,526.220,30.822,30.172,37.005,1,-1,-1,-1
162,1,261.763,48.278,244.540,181.615,1,-1,-1,-1
162,14,527.197,32.162,30.772,38.061,1,-1,-1,-1
163,1,264.480,47.932,245.996,182.693,1,-1,-1,-1
163,14,530.316,33.102,31.122,38.771,1,-1,-1,-1
164,1,267.196,47.586,247.452,183.771,1,-1,-1,-1
164,14,534.709,34.056,30.782,38.603,1,-1,-1,-1
165,1,269.912,47.240,248.909,184.850,1,-1,-1,-1
165,14,540.970,37.771,29.604,36.722,1,-1,-1,-1
166,1,272.628,46.894,250.365,185.928,1,-1,-1,-1
166,14,543.697,39.509,29.499,36.592,1,-1,-1,-1
167,1,275.344,46.548,251.821,187.006,1,-1,-1,-1
167,14,546.424,41.246,29.395,36.463,1,-1,-1,-1
168,1,278.060,46.202,253.278,188.084,1,-1,-1,-1
168,14,559.515,37.234,27.930,35.159,1,-1,-1,-1
169,1,280.777,45.856,254.734,189.162,1,-1,-1,-1
169,14,563.999,37.924,27.046,34.697,1,-1,-1,-1
170,1,283.493,45.510,256.191,190.240,1,-1,-1,-1
170,14,567.857,38.996,26.828,34.417,1,-1,-1,-1
171,1,286.209,45.164,257.647,191.318,1,-1,-1,-1
171,14,571.715,40.068,26.610,34.138,1,-1,-1,-1
172,14,575.573,41.140,26.392,33.859,1,-1,-1,-1
173,14,579.431,42.212,26.175,33.580,1,-1,-1,-1
174,14,583.289,43.285,25.957,33.300,1,-1,-1,-1
175,14,587.147,44.357,25.739,33.021,1,-1,-1,-1
176,14,591.005,45.429,25.522,32.742,1,-1,-1,-1
177,14,594.864,46.501,25.304,32.462,1,-1,-1,-1
178,14,598.722,47.573,25.086,32.183,1,-1,-1,-1
179,14,602.580,48.645,24.869,31.904,1,-1,-1,-1
180,14,606.438,49.717,24.651,31.625,1,-1,-1,-1
181,14,610.296,50.790,24.433,31.345,1,-1,-1,-1
182,14,614.154,51.862,24.215,31.066,1,-1,-1,-1
183,14,618.012,52.934,23.998,30.787,1,-1,-1,-1
184,14,621.870,54.006,23.780,30.508,1,-1,-1,-1
185,14,625.728,55.078,23.562,30.228,1,-1,-1,-1
185,20,410.789,75.036,121.321,126.640,1,-1,-1,-1
186,14,629.587,56.150,23.345,29.949,1,-1,-1,-1
186,20,414.302,72.928,121.701,127.195,1,-1,-1,-1
187,14,633.445,57.222,23.127,29.670,1,-1,-1,-1
187,20,416.780,73.914,122.634,128.420,1,-1,-1,-1
188,14,637.303,58.295,22.909,29.390,1,-1,-1,-1
188,20,420.066,73.618,123.405,129.602,1,-1,-1,-1
189,14,641.161,59.367,22.691,29.111,1,-1,-1,-1
189,20,422.318,73.011,123.976,130.202,1,-1,-1,-1
190,20,424.570,72.403,124.547,130.802,1,-1,-1,-1
190,22,333.289,328.329,35.887,29.687,1,-1,-1,-1
191,20,427.393,70.850,125.629,132.752,1,-1,-1,-1
191,22,334.159,328.242,36.188,29.936,1,-1,-1,-1
192,20,429.674,70.106,126.381,133.546,1,-1,-1,-1
192,22,335.029,328.154,36.489,30.185,1,-1,-1,-1
193,20,431.955,69.363,127.132,134.340,1,-1,-1,-1
193,22,335.899,328.067,36.789,30.434,1,-1,-1,-1
194,20,434.236,68.619,127.884,135.134,1,-1,-1,-1
194,22,336.769,327.980,37.090,30.683,1,-1,-1,-1
195,20,436.517,67.875,128.635,135.928,1,-1,-1,-1
195,22,337.638,327.893,37.391,30.932,1,-1,-1,-1
196,20,438.798,67.132,129.387,136.722,1,-1,-1,-1
196,22,338.508,327.806,37.692,31.181,1,-1,-1,-1
197,20,441.079,66.388,130.138,137.516,1,-1,-1,-1
197,22,339.378,327.719,37.993,31.429,1,-1,-1,-1
198,20,443.360,65.645,130.889,138.310,1,-1,-1,-1
198,22,340.248,327.631,38.294,31.678,1,-1,-1,-1
199,20,427.177,72.960,120.853,128.166,1,-1,-1,-1
199,22,341.118,327.544,38.595,31.927,1,-1,-1,-1
200,20,427.934,72.873,120.761,128.069,1,-1,-1,-1
200,22,341.988,327.457,38.896,32.176,1,-1,-1,-1
201,20,428.692,72.786,120.669,127.971,1,-1,-1,-1
201,22,342.858,327.370,39.196,32.425,1,-1,-1,-1
202,20,429.450,72.700,120.577,127.874,1,-1,-1,-1
202,22,343.727,327.283,39.497,32.674,1,-1,-1,-1
203,20,430.208,72.613,120.485,127.776,1,-1,-1,-1
203,22,344.597,327.196,39.798,32.923,1,-1,-1,-1
204,20,430.966,72.526,120.393,127.679,1,-1,-1,-1
204,22,345.467,327.109,40.099,33.172,1,-1,-1,-1
205,20,431.724,72.440,120.301,127.581,1,-1,-1,-1
205,22,346.337,327.021,40.400,33.421,1,-1,-1,-1
206,20,432.482,72.353,120.209,127.484,1,-1,-1,-1
206,22,347.207,326.934,40.701,33.669,1,-1,-1,-1
207,20,433.240,72.266,120.117,127.386,1,-1,-1,-1
207,22,348.077,326.847,41.002,33.918,1,-1,-1,-1
208,20,433.998,72.179,120.025,127.289,1,-1,-1,-1
208,22,348.947,326.760,41.302,34.167,1,-1,-1,-1
209,20,393.160,82.331,171.155,190.816,1,-1,-1,-1
209,22,349.816,326.673,41.603,34.416,1,-1,-1,-1
210,20,393.566,83.465,166.044,191.764,1,-1,-1,-1
210,22,350.686,326.586,41.904,34.665,1,-1,-1,-1
211,20,391.160,84.149,169.750,196.045,1,-1,-1,-1
212,20,388.755,84.833,173.457,200.325,1,-1,-1,-1
212,24,333.949,362.315,38.830,43.937,1,-1,-1,-1
213,20,386.350,85.517,177.163,204.606,1,-1,-1,-1
213,24,334.391,363.945,37.061,41.881,1,-1,-1,-1
214,20,383.945,86.201,180.870,208.887,1,-1,-1,-1
214,24,334.982,365.479,36.029,40.591,1,-1,-1,-1
215,20,381.539,86.886,184.576,213.168,1,-1,-1,-1
215,24,334.863,366.393,35.739,40.265,1,-1,-1,-1
216,20,379.134,87.570,188.283,217.449,1,-1,-1,-1
216,24,334.744,367.307,35.450,39.939,1,-1,-1,-1
217,20,376.729,88.254,191.989,221.730,1,-1,-1,-1
217,24,334.626,368.220,35.161,39.613,1,-1,-1,-1
218,20,374.324,88.938,195.695,226.011,1,-1,-1,-1
218,24,334.507,369.134,34.872,39.287,1,-1,-1,-1
219,20,424.620,82.731,132.642,151.411,1,-1,-1,-1
219,24,334.388,370.048,34.582,38.961,1,-1,-1,-1
220,20,425.552,83.205,131.477,148.832,1,-1,-1,-1
220,24,334.269,370.962,34.293,38.635,1,-1,-1,-1
221,20,426.564,83.481,130.705,147.958,1,-1,-1,-1
221,24,334.150,371.875,34.004,38.310,1,-1,-1,-1
222,20,434.622,80.265,136.859,154.897,1,-1,-1,-1
222,24,334.031,372.789,33.714,37.984,1,-1,-1,-1
223,20,443.271,82.382,131.542,148.035,1,-1,-1,-1
223,24,333.912,373.703,33.425,37.658,1,-1,-1,-1
224,20,443.821,82.728,133.773,149.195,1,-1,-1,-1
224,24,333.794,374.617,33.136,37.332,1,-1,-1,-1
225,20,446.593,82.861,133.350,148.724,1,-1,-1,-1
225,24,333.675,375.530,32.847,37.006,1,-1,-1,-1
226,20,449.366,82.994,132.927,148.253,1,-1,-1,-1
226,24,333.556,376.444,32.557,36.680,1,-1,-1,-1
227,20,452.138,83.128,132.505,147.781,1,-1,-1,-1
227,24,333.437,377.358,32.268,36.354,1,-1,-1,-1
228,20,465.401,88.892,135.572,149.375,1,-1,-1,-1
228,24,333.318,378.272,31.979,36.028,1,-1,-1,-1
229,20,469.395,89.633,135.347,149.126,1,-1,-1,-1
229,24,333.199,379.186,31.690,35.702,1,-1,-1,-1
230,20,473.389,90.374,135.121,148.878,1,-1,-1,-1
230,24,333.081,380.099,31.400,35.376,1,-1,-1,-1
231,20,479.147,97.209,139.202,151.146,1,-1,-1,-1
231,24,332.962,381.013,31.111,35.051,1,-1,-1,-1
232,20,480.174,98.388,141.225,151.458,1,-1,-1,-1
232,24,332.843,381.927,30.822,34.725,1,-1,-1,-1
233,20,482.355,98.390,148.457,158.259,1,-1,-1,-1
233,24,332.724,382.841,30.532,34.399,1,-1,-1,-1
234,20,486.699,103.366,149.364,157.974,1,-1,-1,-1
234,24,332.605,383.754,30.243,34.073,1,-1,-1,-1
235,20,486.033,106.677,147.032,156.160,1,-1,-1,-1
236,20,492.271,108.634,147.162,155.768,1,-1,-1,-1
237,20,482.956,105.471,170.499,185.094,1,-1,-1,-1
238,20,480.618,103.708,177.213,196.708,1,-1,-1,-1
239,20,493.046,106.215,158.419,174.854,1,-1,-1,-1
240,20,496.668,107.481,150.671,166.511,1,-1,-1,-1
241,20,498.601,110.383,150.092,166.473,1,-1,-1,-1
242,20,505.898,111.883,152.497,168.284,1,-1,-1,-1
243,20,512.139,114.453,153.791,168.719,1,-1,-1,-1
244,20,513.864,115.212,155.153,169.269,1,-1,-1,-1
245,20,516.529,118.710,150.990,164.538,1,-1,-1,-1
246,20,519.814,120.336,151.273,164.847,1,-1,-1,-1
247,20,524.597,122.969,155.775,169.096,1,-1,-1,-1
248,20,530.572,124.943,161.193,174.050,1,-1,-1,-1
249,20,538.551,127.341,162.873,173.424,1,-1,-1,-1
250,20,540.443,128.446,165.198,173.831,1,-1,-1,-1
251,20,544.313,131.079,167.276,173.565,1,-1,-1,-1
252,20,545.140,133.003,171.041,175.409,1,-1,-1,-1
253,20,545.834,133.661,173.247,176.144,1,-1,-1,-1
254,20,539.312,131.799,183.107,186.191,1,-1,-1,-1
255,20,540.544,129.493,184.131,187.230,1,-1,-1,-1
256,20,539.707,128.587,185.036,188.798,1,-1,-1,-1
257,20,539.699,128.304,184.813,189.196,1,-1,-1,-1
258,20,539.149,127.565,185.247,191.509,1,-1,-1,-1
259,20,539.939,126.413,183.752,192.436,1,-1,-1,-1
260,20,541.217,128.047,181.649,193.418,1,-1,-1,-1
261,20,543.954,126.865,177.543,193.047,1,-1,-1,-1
262,20,547.968,128.740,171.235,190.132,1,-1,-1,-1
263,20,550.179,129.152,167.189,189.266,1,-1,-1,-1
264,20,555.080,130.472,161.564,186.680,1,-1,-1,-1
265,20,562.927,131.733,153.900,181.065,1,-1,-1,-1
266,20,570.862,133.508,145.430,173.704,1,-1,-1,-1
267,20,579.221,134.851,135.778,163.651,1,-1,-1,-1
268,20,586.691,132.671,130.608,158.434,1,-1,-1,-1
269,20,589.435,131.755,128.491,156.773,1,-1,-1,-1
270,20,593.396,131.735,126.453,154.951,1,-1,-1,-1
271,20,599.026,135.398,125.558,154.449,1,-1,-1,-1
272,20,603.811,136.532,125.427,154.650,1,-1,-1,-1
273,20,605.547,137.151,127.297,157.482,1,-1,-1,-1
274,20,608.903,136.376,127.783,158.356,1,-1,-1,-1
275,20,609.997,136.213,127.651,158.456,1,-1,-1,-1
276,20,611.566,135.202,128.221,159.443,1,-1,-1,-1
277,20,611.602,131.812,131.052,163.928,1,-1,-1,-1
278,20,614.261,131.698,130.974,163.833,1,-1,-1,-1
279,20,616.920,131.584,130.896,163.738,1,-1,-1,-1
280,20,615.556,129.780,132.698,166.575,1,-1,-1,-1
281,20,617.799,129.501,132.849,166.766,1,-1,-1,-1
282,20,620.261,129.020,127.647,159.821,1,-1,-1,-1
283,20,626.265,129.146,128.967,160.462,1,-1,-1,-1
284,20,627.448,129.138,131.296,163.236,1,-1,-1,-1
285,20,630.008,128.912,131.265,163.200,1,-1,-1,-1
286,20,632.568,128.686,131.234,163.163,1,-1,-1,-1
287,20,635.128,128.460,131.203,163.126,1,-1,-1,-1
288,20,632.640,123.518,134.586,166.339,1,-1,-1,-1
289,20,634.761,123.810,135.164,165.856,1,-1,-1,-1
290,20,636.928,123.234,135.322,166.051,1,-1,-1,-1
291,20,636.992,125.626,135.528,164.327,1,-1,-1,-1
292,20,635.285,125.143,138.610,166.876,1,-1,-1,-1
293,20,634.638,125.511,139.647,167.043,1,-1,-1,-1
294,20,633.780,125.296,139.823,166.650,1,-1,-1,-1
295,20,631.523,124.097,141.906,168.521,1,-1,-1,-1
296,20,630.317,123.506,142.076,167.997,1,-1,-1,-1
297,20,626.528,124.281,145.437,171.885,1,-1,-1,-1
298,20,626.212,125.714,143.896,170.083,1,-1,-1,-1
299,20,626.051,126.749,142.863,168.768,1,-1,-1,-1
300,20,628.765,127.794,141.952,166.404,1,-1,-1,-1
301,20,630.912,127.549,142.880,165.935,1,-1,-1,-1
302,20,628.237,128.963,142.162,164.418,1,-1,-1,-1
303,20,626.452,127.662,144.868,166.541,1,-1,-1,-1
304,20,626.910,128.458,145.525,165.943,1,-1,-1,-1
305,20,626.648,128.766,146.494,165.902,1,-1,-1,-1
306,20,626.928,128.950,146.441,165.843,1,-1,-1,-1
307,20,627.208,129.133,146.389,165.783,1,-1,-1,-1
308,20,627.489,129.316,146.337,165.724,1,-1,-1,-1
309,20,627.769,129.500,146.284,165.665,1,-1,-1,-1
310,20,623.458,135.256,150.414,168.558,1,-1,-1,-1
311,20,622.466,135.854,152.021,168.896,1,-1,-1,-1
312,20,620.801,135.805,155.779,171.981,1,-1,-1,-1
313,20,616.932,135.388,158.879,174.145,1,-1,-1,-1
314,20,613.116,135.213,160.852,174.893,1,-1,-1,-1
315,20,608.984,134.157,168.218,181.970,1,-1,-1,-1
316,20,611.373,133.632,173.172,188.016,1,-1,-1,-1
317,20,612.358,133.228,175.033,190.754,1,-1,-1,-1
318,20,611.705,133.358,176.809,192.688,1,-1,-1,-1
319,20,611.053,133.488,178.585,194.623,1,-1,-1,-1
320,20,610.401,133.618,180.361,196.558,1,-1,-1,-1
321,20,608.497,135.387,184.779,203.119,1,-1,-1,-1
322,20,609.397,136.725,184.497,204.242,1,-1,-1,-1
323,20,610.059,137.017,185.276,206.429,1,-1,-1,-1
324,20,609.439,136.212,185.980,208.667,1,-1,-1,-1
325,20,608.697,136.424,184.476,208.972,1,-1,-1,-1
326,20,608.292,135.519,182.632,208.622,1,-1,-1,-1
327,20,609.300,135.440,180.933,208.133,1,-1,-1,-1
328,20,607.488,134.220,181.176,210.241,1,-1,-1,-1
329,20,606.954,133.545,180.847,211.466,1,-1,-1,-1
330,20,604.331,130.750,182.093,214.654,1,-1,-1,-1
331,20,603.488,128.352,182.811,216.624,1,-1,-1,-1
332,20,604.037,125.375,183.784,219.094,1,-1,-1,-1
333,20,603.821,123.578,184.601,221.265,1,-1,-1,-1
334,20,604.348,120.843,186.107,224.370,1,-1,-1,-1
335,20,604.802,119.743,186.195,225.635,1,-1,-1,-1
336,20,603.455,114.425,188.436,229.718,1,-1,-1,-1
337,20,602.630,109.739,190.199,233.339,1,-1,-1,-1
338,20,601.433,106.402,192.866,238.434,1,-1,-1,-1
339,20,601.202,103.848,194.809,242.688,1,-1,-1,-1
340,20,600.698,100.259,197.082,247.626,1,-1,-1,-1
341,20,601.097,98.859,197.089,249.518,1,-1,-1,-1
342,20,601.198,96.228,197.624,252.109,1,-1,-1,-1
343,20,601.310,93.359,199.003,255.487,1,-1,-1,-1
344,20,601.083,90.238,200.318,258.890,1,-1,-1,-1
345,20,601.563,88.147,200.856,261.495,1,-1,-1,-1
346,20,602.402,86.984,201.224,263.702,1,-1,-1,-1
347,20,603.081,86.549,200.601,264.472,1,-1,-1,-1
348,20,603.585,86.406,200.450,265.759,1,-1,-1,-1
349,20,604.583,86.686,200.017,266.324,1,-1,-1,-1
350,20,606.609,86.374,199.989,266.736,1,-1,-1,-1
351,20,607.896,85.492,201.636,268.781,1,-1,-1,-1
352,20,608.612,84.552,203.531,271.115,1,-1,-1,-1
353,20,608.799,84.276,204.328,272.026,1,-1,-1,-1
354,20,608.270,82.288,206.396,274.858,1,-1,-1,-1
355,20,606.198,77.497,210.949,281.660,1,-1,-1,-1
356,20,602.979,73.918,218.541,293.795,1,-1,-1,-1
357,20,601.910,70.887,221.865,300.209,1,-1,-1,-1
358,20,600.694,69.333,223.658,304.613,1,-1,-1,-1
359,20,600.751,68.786,223.478,306.186,1,-1,-1,-1
360,20,600.815,68.546,223.132,307.408,1,-1,-1,-1
361,20,600.966,68.265,222.478,308.233,1,-1,-1,-1
362,20,601.517,68.523,221.671,309.076,1,-1,-1,-1
363,20,601.292,68.375,221.052,309.655,1,-1,-1,-1
364,20,600.116,67.411,220.912,311.097,1,-1,-1,-1
365,20,599.921,67.113,220.181,311.512,1,-1,-1,-1
366,20,598.979,65.857,220.202,312.784,1,-1,-1,-1
367,20,599.205,64.138,218.681,311.595,1,-1,-1,-1
368,20,600.128,62.201,214.255,305.827,1,-1,-1,-1
369,20,600.276,59.537,210.465,300.798,1,-1,-1,-1
370,20,593.783,53.093,213.308,307.024,1,-1,-1,-1
371,20,591.651,50.552,213.664,309.491,1,-1,-1,-1
372,20,590.632,46.589,213.512,311.822,1,-1,-1,-1
373,20,592.472,45.198,205.474,301.063,1,-1,-1,-1
374,20,592.819,45.470,196.624,289.523,1,-1,-1,-1
375,20,589.078,42.662,194.556,289.264,1,-1,-1,-1
376,20,588.509,44.403,183.913,276.250,1,-1,-1,-1
377,20,588.890,45.246,178.823,271.182,1,-1,-1,-1
378,20,587.354,45.602,173.964,266.156,1,-1,-1,-1
379,20,586.448,45.228,167.494,257.760,1,-1,-1,-1
380,20,581.825,48.765,159.264,246.183,1,-1,-1,-1
381,20,579.551,52.511,150.856,234.346,1,-1,-1,-1
382,20,578.437,55.329,143.796,223.996,1,-1,-1,-1
383,20,578.319,56.281,141.234,220.538,1,-1,-1,-1
384,20,577.107,58.567,136.433,212.801,1,-1,-1,-1
385,20,576.878,64.344,129.853,201.417,1,-1,-1,-1
386,20,575.275,68.239,125.689,193.625,1,-1,-1,-1
387,20,578.893,73.313,114.784,173.710,1,-1,-1,-1
388,20,571.039,76.134,122.641,184.319,1,-1,-1,-1
388,30,523.439,86.198,35.948,50.914,1,-1,-1,-1
389,20,568.286,76.948,125.611,187.615,1,-1,-1,-1
389,30,522.000,86.144,35.089,49.997,1,-1,-1,-1
390,20,570.270,82.748,119.945,176.121,1,-1,-1,-1
390,30,519.644,85.981,34.387,48.997,1,-1,-1,-1
391,20,569.340,88.448,119.596,172.257,1,-1,-1,-1
391,30,517.288,85.817,33.686,47.997,1,-1,-1,-1
392,20,568.627,94.392,117.913,165.727,1,-1,-1,-1
392,30,514.932,85.653,32.984,46.997,1,-1,-1,-1
393,20,563.513,95.706,120.902,166.142,1,-1,-1,-1
393,30,512.575,85.489,32.282,45.998,1,-1,-1,-1
394,20,558.257,95.188,127.541,171.229,1,-1,-1,-1
394,30,510.219,85.325,31.581,44.998,1,-1,-1,-1
395,20,556.977,97.853,125.033,167.867,1,-1,-1,-1
395,30,507.863,85.161,30.879,43.998,1,-1,-1,-1
396,20,554.453,96.257,125.416,164.199,1,-1,-1,-1
396,30,505.507,84.997,30.177,42.998,1,-1,-1,-1
397,20,546.206,93.753,133.702,171.784,1,-1,-1,-1
397,30,503.150,84.833,29.476,41.998,1,-1,-1,-1
398,20,542.078,90.991,132.929,166.739,1,-1,-1,-1
398,30,500.794,84.670,28.774,40.999,1,-1,-1,-1
399,20,540.152,90.215,132.296,161.135,1,-1,-1,-1
399,30,498.438,84.506,28.072,39.999,1,-1,-1,-1
400,20,535.009,86.067,137.235,163.299,1,-1,-1,-1
400,30,496.082,84.342,27.371,38.999,1,-1,-1,-1
401,20,532.275,84.552,140.963,164.410,1,-1,-1,-1
401,30,493.725,84.178,26.669,37.999,1,-1,-1,-1
402,20,524.083,80.604,153.800,178.063,1,-1,-1,-1
402,30,491.369,84.014,25.967,36.999,1,-1,-1,-1
403,20,524.008,79.941,149.531,170.043,1,-1,-1,-1
403,30,489.013,83.850,25.266,36.000,1,-1,-1,-1
404,20,516.683,80.055,156.760,177.225,1,-1,-1,-1
404,30,486.657,83.686,24.564,35.000,1,-1,-1,-1
405,20,508.998,76.096,164.189,185.740,1,-1,-1,-1
405,30,484.300,83.522,23.862,34.000,1,-1,-1,-1
406,20,504.600,75.584,165.171,186.722,1,-1,-1,-1
406,30,481.944,83.359,23.160,33.000,1,-1,-1,-1
407,20,503.225,75.749,165.253,186.720,1,-1,-1,-1
407,30,479.588,83.195,22.459,32.001,1,-1,-1,-1
408,20,496.152,72.136,169.436,191.918,1,-1,-1,-1
408,30,477.232,83.031,21.757,31.001,1,-1,-1,-1
409,20,490.618,68.908,169.915,193.028,1,-1,-1,-1
409,30,474.875,82.867,21.055,30.001,1,-1,-1,-1
410,20,466.931,56.493,182.912,206.730,1,-1,-1,-1
411,20,464.837,52.872,177.830,200.188,1,-1,-1,-1
412,20,446.187,48.364,186.597,208.730,1,-1,-1,-1
413,20,439.038,46.611,190.561,211.941,1,-1,-1,-1
414,20,431.501,44.881,193.879,215.659,1,-1,-1,-1
415,20,425.533,44.474,197.138,220.010,1,-1,-1,-1
416,20,420.835,43.991,196.872,220.068,1,-1,-1,-1
417,20,410.175,42.178,201.311,225.902,1,-1,-1,-1
418,20,414.114,42.264,184.918,205.211,1,-1,-1,-1
418,32,722.311,178.156,124.731,172.423,1,-1,-1,-1
419,20,415.442,42.065,179.623,197.403,1,-1,-1,-1
419,32,720.981,177.782,125.855,173.248,1,-1,-1,-1
420,20,405.722,37.438,196.230,217.501,1,-1,-1,-1
420,32,719.643,179.021,126.285,172.781,1,-1,-1,-1
420,33,461.470,261.754,48.378,63.286,1,-1,-1,-1
421,20,397.386,37.582,209.264,234.815,1,-1,-1,-1
421,32,718.323,178.940,126.399,172.936,1,-1,-1,-1
421,33,457.707,261.334,49.890,65.347,1,-1,-1,-1
422,20,404.214,37.325,192.730,215.090,1,-1,-1,-1
422,32,705.376,176.325,141.814,192.951,1,-1,-1,-1
422,33,454.580,260.052,50.733,66.698,1,-1,-1,-1
423,20,393.749,34.551,207.134,233.794,1,-1,-1,-1
423,32,701.362,178.326,144.076,194.208,1,-1,-1,-1
423,33,452.466,259.655,51.334,67.489,1,-1,-1,-1
424,20,384.536,31.970,213.161,241.959,1,-1,-1,-1
424,32,698.194,175.200,146.777,195.945,1,-1,-1,-1
424,33,450.352,259.259,51.935,68.279,1,-1,-1,-1
425,20,381.484,31.406,214.220,244.352,1,-1,-1,-1
425,32,696.217,173.922,149.202,197.389,1,-1,-1,-1
425,33,448.239,258.862,52.537,69.069,1,-1,-1,-1
426,20,380.352,32.366,214.234,245.687,1,-1,-1,-1
426,32,695.118,172.995,149.710,195.898,1,-1,-1,-1
426,33,446.125,258.465,53.138,69.860,1,-1,-1,-1
427,20,385.512,33.849,212.585,245.878,1,-1,-1,-1
427,32,692.361,172.299,151.617,198.394,1,-1,-1,-1
427,33,444.012,258.069,53.739,70.650,1,-1,-1,-1
428,20,399.203,34.677,194.470,223.709,1,-1,-1,-1
428,32,689.604,171.603,153.524,200.889,1,-1,-1,-1
428,33,441.898,257.672,54.340,71.440,1,-1,-1,-1
429,20,406.949,39.094,189.449,218.327,1,-1,-1,-1
429,32,694.169,175.335,150.784,194.808,1,-1,-1,-1
429,33,439.785,257.276,54.941,72.230,1,-1,-1,-1
430,20,405.455,36.560,197.296,229.708,1,-1,-1,-1
430,32,693.709,175.704,151.427,193.136,1,-1,-1,-1
430,33,462.897,257.061,37.854,50.553,1,-1,-1,-1
431,20,406.233,35.652,198.646,233.640,1,-1,-1,-1
431,32,693.251,175.764,152.415,192.144,1,-1,-1,-1
431,33,463.696,256.996,36.728,49.710,1,-1,-1,-1
432,20,409.597,37.466,196.954,234.071,1,-1,-1,-1
432,32,694.694,177.464,151.140,188.292,1,-1,-1,-1
432,33,463.685,256.790,36.733,50.443,1,-1,-1,-1
433,20,408.477,35.377,196.632,234.777,1,-1,-1,-1
433,32,693.712,177.534,151.484,188.721,1,-1,-1,-1
433,33,463.024,256.788,36.194,50.333,1,-1,-1,-1
434,20,407.392,33.611,199.487,240.374,1,-1,-1,-1
434,32,692.730,177.604,151.828,189.149,1,-1,-1,-1
434,33,462.990,256.524,35.640,49.562,1,-1,-1,-1
435,20,406.298,32.906,200.990,242.186,1,-1,-1,-1
435,32,691.748,177.674,152.172,189.577,1,-1,-1,-1
435,33,462.955,256.260,35.085,48.791,1,-1,-1,-1
436,20,407.521,32.277,199.718,241.482,1,-1,-1,-1
436,32,690.766,177.744,152.516,190.006,1,-1,-1,-1
436,33,462.921,255.996,34.531,48.020,1,-1,-1,-1
437,20,407.785,31.372,199.956,242.629,1,-1,-1,-1
437,32,689.784,177.814,152.860,190.434,1,-1,-1,-1
437,33,462.887,255.732,33.977,47.249,1,-1,-1,-1
438,20,418.543,38.592,183.769,220.815,1,-1,-1,-1
438,32,688.802,177.884,153.204,190.863,1,-1,-1,-1
438,33,462.853,255.468,33.422,46.478,1,-1,-1,-1
439,20,419.236,38.255,189.527,228.224,1,-1,-1,-1
439,32,690.624,177.424,155.378,190.330,1,-1,-1,-1
439,33,462.818,255.205,32.868,45.708,1,-1,-1,-1
440,20,418.947,34.313,195.506,236.927,1,-1,-1,-1
440,32,689.983,177.450,155.662,190.678,1,-1,-1,-1
440,33,462.784,254.941,32.314,44.937,1,-1,-1,-1
441,20,422.183,28.609,191.111,231.380,1,-1,-1,-1
441,32,689.341,177.476,155.946,191.026,1,-1,-1,-1
441,33,462.750,254.677,31.759,44.166,1,-1,-1,-1
442,20,429.531,25.882,180.943,216.718,1,-1,-1,-1
442,32,688.700,177.502,156.231,191.374,1,-1,-1,-1
442,33,462.716,254.413,31.205,43.395,1,-1,-1,-1
443,20,431.800,25.004,177.810,210.897,1,-1,-1,-1
443,32,688.059,177.528,156.515,191.722,1,-1,-1,-1
443,33,462.681,254.149,30.651,42.624,1,-1,-1,-1
444,20,431.805,22.978,182.787,215.836,1,-1,-1,-1
444,32,687.417,177.553,156.799,192.070,1,-1,-1,-1
444,33,462.647,253.885,30.096,41.853,1,-1,-1,-1
445,20,431.365,21.631,187.253,220.596,1,-1,-1,-1
445,32,688.428,179.018,159.796,192.988,1,-1,-1,-1
445,33,462.613,253.621,29.542,41.083,1,-1,-1,-1
446,20,436.654,26.042,186.209,219.419,1,-1,-1,-1
446,32,689.949,181.100,158.625,189.087,1,-1,-1,-1
446,33,462.579,253.358,28.988,40.312,1,-1,-1,-1
447,20,439.304,30.492,182.229,211.764,1,-1,-1,-1
447,32,689.833,181.439,158.601,189.057,1,-1,-1,-1
447,33,462.544,253.094,28.433,39.541,1,-1,-1,-1
448,20,435.543,13.303,197.048,229.849,1,-1,-1,-1
448,32,691.775,188.869,157.510,185.839,1,-1,-1,-1
448,33,462.510,252.830,27.879,38.770,1,-1,-1,-1
449,20,434.757,7.408,201.381,235.735,1,-1,-1,-1
449,32,691.966,189.962,157.198,185.470,1,-1,-1,-1
449,33,462.476,252.566,27.325,37.999,1,-1,-1,-1
450,20,424.150,4.639,222.684,263.631,1,-1,-1,-1
450,32,692.073,188.414,158.567,185.880,1,-1,-1,-1
450,33,477.892,250.899,45.822,63.352,1,-1,-1,-1
451,20,423.912,2.153,226.254,267.857,1,-1,-1,-1
451,32,693.206,193.463,156.306,181.263,1,-1,-1,-1
451,33,480.151,252.696,42.686,59.259,1,-1,-1,-1
452,20,423.673,-0.334,229.823,272.083,1,-1,-1,-1
452,32,693.639,194.743,155.644,180.496,1,-1,-1,-1
452,33,481.064,252.487,42.962,59.642,1,-1,-1,-1
453,20,434.141,42.978,206.141,240.681,1,-1,-1,-1
453,32,694.073,196.023,154.983,179.728,1,-1,-1,-1
453,33,481.358,250.750,42.633,60.233,1,-1,-1,-1
454,20,438.767,51.833,198.466,227.724,1,-1,-1,-1
454,32,685.970,196.094,168.906,196.606,1,-1,-1,-1
454,33,482.198,250.425,42.915,60.632,1,-1,-1,-1
455,20,432.684,18.773,215.431,248.459,1,-1,-1,-1
455,32,686.176,198.615,168.024,195.438,1,-1,-1,-1
455,33,483.037,250.100,43.197,61.031,1,-1,-1,-1
456,20,431.873,8.435,221.198,256.872,1,-1,-1,-1
456,32,683.912,197.057,172.123,201.184,1,-1,-1,-1
456,33,483.877,249.774,43.480,61.430,1,-1,-1,-1
457,20,431.696,3.704,222.225,259.149,1,-1,-1,-1
457,32,683.267,198.057,173.283,202.540,1,-1,-1,-1
457,33,484.717,249.449,43.762,61.829,1,-1,-1,-1
458,20,431.246,0.215,226.702,265.378,1,-1,-1,-1
458,32,687.558,202.133,166.554,194.398,1,-1,-1,-1
458,33,481.027,259.267,41.771,60.344,1,-1,-1,-1
459,20,434.808,0.433,226.387,264.610,1,-1,-1,-1
459,32,686.079,203.395,170.000,199.382,1,-1,-1,-1
459,33,481.475,259.740,41.945,60.595,1,-1,-1,-1
460,20,435.382,-0.816,230.086,269.009,1,-1,-1,-1
460,32,691.522,206.679,162.087,189.454,1,-1,-1,-1
460,33,481.923,260.213,42.118,60.845,1,-1,-1,-1
461,20,437.458,-1.105,228.453,266.037,1,-1,-1,-1
461,32,691.950,210.359,162.317,189.889,1,-1,-1,-1
461,33,482.372,260.686,42.292,61.096,1,-1,-1,-1
462,20,437.939,-1.135,228.241,264.881,1,-1,-1,-1
462,32,692.139,211.719,162.271,189.953,1,-1,-1,-1
462,33,482.820,261.158,42.465,61.347,1,-1,-1,-1
463,20,438.824,0.293,227.221,262.625,1,-1,-1,-1
463,32,692.730,214.652,161.837,189.607,1,-1,-1,-1
463,33,483.268,261.631,42.638,61.597,1,-1,-1,-1
464,20,438.257,1.264,226.624,261.738,1,-1,-1,-1
464,32,693.151,214.119,162.651,191.228,1,-1,-1,-1
464,33,483.717,262.104,42.812,61.848,1,-1,-1,-1
465,20,433.734,2.074,224.428,261.544,1,-1,-1,-1
465,32,696.253,214.623,162.001,191.973,1,-1,-1,-1
465,33,484.165,262.577,42.985,62.099,1,-1,-1,-1
466,20,442.867,1.333,227.757,263.562,1,-1,-1,-1
466,32,699.647,215.713,159.343,190.249,1,-1,-1,-1
466,33,484.613,263.050,43.159,62.349,1,-1,-1,-1
467,20,444.313,1.110,234.652,270.625,1,-1,-1,-1
467,32,701.372,215.982,158.345,190.656,1,-1,-1,-1
467,33,485.061,263.523,43.332,62.600,1,-1,-1,-1
468,20,445.019,1.094,237.571,272.934,1,-1,-1,-1
468,32,702.087,215.612,157.681,191.358,1,-1,-1,-1
468,33,485.510,263.995,43.506,62.851,1,-1,-1,-1
469,20,445.337,1.215,238.492,273.756,1,-1,-1,-1
469,32,705.122,219.486,154.096,188.287,1,-1,-1,-1
469,33,485.958,264.468,43.679,63.101,1,-1,-1,-1
470,20,448.458,1.129,235.690,268.454,1,-1,-1,-1
470,32,707.520,222.453,150.866,185.360,1,-1,-1,-1
470,33,486.406,264.941,43.853,63.352,1,-1,-1,-1
471,20,448.856,0.565,232.752,263.390,1,-1,-1,-1
471,32,708.578,225.564,149.312,184.390,1,-1,-1,-1
471,33,486.855,265.414,44.026,63.602,1,-1,-1,-1
472,20,439.632,0.805,229.973,262.342,1,-1,-1,-1
472,32,710.389,230.151,147.431,183.087,1,-1,-1,-1
472,33,487.303,265.887,44.199,63.853,1,-1,-1,-1
473,20,443.760,0.643,230.801,262.015,1,-1,-1,-1
473,32,710.011,231.537,148.569,185.819,1,-1,-1,-1
473,33,487.751,266.359,44.373,64.104,1,-1,-1,-1
474,20,443.922,0.729,231.386,261.968,1,-1,-1,-1
474,32,710.304,232.186,148.207,186.571,1,-1,-1,-1
474,33,488.200,266.832,44.546,64.354,1,-1,-1,-1
475,20,444.479,0.222,231.519,262.115,1,-1,-1,-1
475,32,711.790,234.057,145.276,183.536,1,-1,-1,-1
475,33,488.648,267.305,44.720,64.605,1,-1,-1,-1
476,20,445.036,-0.285,231.652,262.263,1,-1,-1,-1
476,32,712.243,233.745,144.560,183.429,1,-1,-1,-1
476,33,516.420,277.915,31.834,46.643,1,-1,-1,-1
477,20,445.593,-0.792,231.785,262.410,1,-1,-1,-1
477,32,711.819,232.880,145.282,185.274,1,-1,-1,-1
477,33,518.285,278.918,31.354,45.940,1,-1,-1,-1
478,20,436.017,4.637,221.389,254.034,1,-1,-1,-1
478,32,712.344,234.209,145.123,185.071,1,-1,-1,-1
478,33,520.149,279.922,30.873,45.237,1,-1,-1,-1
479,20,449.709,49.708,185.085,208.256,1,-1,-1,-1
479,32,712.869,235.538,144.964,184.869,1,-1,-1,-1
479,33,522.013,280.926,30.393,44.533,1,-1,-1,-1
480,20,453.605,64.971,174.517,193.197,1,-1,-1,-1
480,32,713.394,236.868,144.806,184.667,1,-1,-1,-1
480,33,523.878,281.930,29.913,43.830,1,-1,-1,-1
481,20,457.278,81.837,163.702,177.320,1,-1,-1,-1
481,32,713.918,238.197,144.647,184.465,1,-1,-1,-1
481,33,525.742,282.934,29.433,43.127,1,-1,-1,-1
482,20,462.101,94.981,155.801,164.183,1,-1,-1,-1
482,32,714.443,239.526,144.488,184.263,1,-1,-1,-1
482,33,527.606,283.937,28.953,42.423,1,-1,-1,-1
483,20,461.326,94.298,158.319,163.790,1,-1,-1,-1
483,32,714.968,240.856,144.329,184.061,1,-1,-1,-1
483,33,529.471,284.941,28.473,41.720,1,-1,-1,-1
484,20,460.090,91.348,162.351,165.482,1,-1,-1,-1
484,32,715.493,242.185,144.170,183.858,1,-1,-1,-1
484,33,531.335,285.945,27.993,41.016,1,-1,-1,-1
485,20,458.917,85.425,169.015,170.569,1,-1,-1,-1
485,32,716.018,243.514,144.011,183.656,1,-1,-1,-1
485,33,533.199,286.949,27.513,40.313,1,-1,-1,-1
486,20,458.087,83.053,172.530,172.610,1,-1,-1,-1
486,32,716.542,244.843,143.853,183.454,1,-1,-1,-1
486,33,535.064,287.953,27.033,39.610,1,-1,-1,-1
487,20,455.130,77.893,178.291,177.751,1,-1,-1,-1
487,32,717.067,246.173,143.694,183.252,1,-1,-1,-1
487,33,536.928,288.956,26.553,38.906,1,-1,-1,-1
488,20,441.045,43.719,208.338,211.497,1,-1,-1,-1
488,32,717.592,247.502,143.535,183.050,1,-1,-1,-1
488,33,538.793,289.960,26.073,38.203,1,-1,-1,-1
489,20,450.329,62.152,190.411,192.484,1,-1,-1,-1
489,32,718.117,248.831,143.376,182.847,1,-1,-1,-1
489,33,540.657,290.964,25.592,37.500,1,-1,-1,-1
490,20,456.719,74.964,178.859,179.704,1,-1,-1,-1
490,32,718.642,250.161,143.217,182.645,1,-1,-1,-1
490,33,542.521,291.968,25.112,36.796,1,-1,-1,-1
491,20,459.853,81.400,173.308,173.152,1,-1,-1,-1
491,32,719.166,251.490,143.058,182.443,1,-1,-1,-1
491,33,544.386,292.972,24.632,36.093,1,-1,-1,-1
492,20,460.704,83.718,171.713,170.682,1,-1,-1,-1
492,32,719.691,252.819,142.900,182.241,1,-1,-1,-1
492,33,546.250,293.976,24.152,35.389,1,-1,-1,-1
493,20,462.622,86.000,169.013,167.068,1,-1,-1,-1
493,32,720.216,254.149,142.741,182.039,1,-1,-1,-1
493,33,548.114,294.979,23.672,34.686,1,-1,-1,-1
494,20,463.977,86.192,171.531,169.320,1,-1,-1,-1
494,32,720.741,255.478,142.582,181.837,1,-1,-1,-1
494,33,549.979,295.983,23.192,33.983,1,-1,-1,-1
495,20,470.947,85.027,171.998,168.596,1,-1,-1,-1
495,32,721.266,256.807,142.423,181.634,1,-1,-1,-1
495,33,551.843,296.987,22.712,33.279,1,-1,-1,-1
496,20,486.303,78.060,180.366,172.810,1,-1,-1,-1
496,32,721.790,258.136,142.264,181.432,1,-1,-1,-1
496,33,553.707,297.991,22.232,32.576,1,-1,-1,-1
497,20,493.760,75.207,180.378,169.660,1,-1,-1,-1
497,32,722.315,259.466,142.105,181.230,1,-1,-1,-1
498,20,495.598,74.232,182.245,168.621,1,-1,-1,-1
499,20,495.371,71.399,186.094,170.258,1,-1,-1,-1
500,20,498.194,71.113,186.247,169.626,1,-1,-1,-1
501,20,503.519,70.695,181.476,164.638,1,-1,-1,-1
502,20,510.117,76.632,171.219,154.370,1,-1,-1,-1
503,20,510.844,71.081,172.821,156.399,1,-1,-1,-1
504,20,511.259,69.481,172.677,156.659,1,-1,-1,-1
505,20,517.624,80.300,160.856,145.268,1,-1,-1,-1
506,20,513.923,73.266,169.883,154.740,1,-1,-1,-1
507,20,517.661,73.101,166.024,152.315,1,-1,-1,-1
508,20,517.662,69.457,165.708,153.658,1,-1,-1,-1
509,20,517.753,68.091,164.602,153.879,1,-1,-1,-1
510,20,517.982,66.399,164.486,155.096,1,-1,-1,-1
511,20,524.085,72.952,155.100,146.343,1,-1,-1,-1
512,20,528.201,73.260,151.439,143.311,1,-1,-1,-1
513,20,526.881,65.119,156.865,149.805,1,-1,-1,-1
514,20,527.926,61.307,158.456,152.835,1,-1,-1,-1
515,20,528.783,58.834,158.616,154.457,1,-1,-1,-1
516,20,528.483,56.390,159.841,157.261,1,-1,-1,-1
517,20,529.692,54.001,159.468,158.350,1,-1,-1,-1
518,20,530.633,53.498,158.490,158.439,1,-1,-1,-1
519,20,533.289,53.566,156.688,157.277,1,-1,-1,-1
520,20,534.394,50.081,157.792,159.393,1,-1,-1,-1
521,20,536.443,49.824,156.230,158.100,1,-1,-1,-1
522,20,539.570,52.926,151.728,153.127,1,-1,-1,-1
523,20,538.796,50.735,155.896,157.563,1,-1,-1,-1
524,20,539.991,49.658,156.069,157.731,1,-1,-1,-1
525,20,541.187,48.580,156.242,157.900,1,-1,-1,-1
526,20,542.382,47.502,156.414,158.068,1,-1,-1,-1
527,20,543.577,46.424,156.587,158.236,1,-1,-1,-1
528,20,544.772,45.346,156.760,158.405,1,-1,-1,-1
528,39,546.701,282.033,39.093,41.505,1,-1,-1,-1
529,20,545.967,44.268,156.933,158.573,1,-1,-1,-1
529,39,548.845,285.489,36.184,38.416,1,-1,-1,-1
530,20,547.162,43.191,157.105,158.742,1,-1,-1,-1
530,39,550.989,288.945,33.274,35.327,1,-1,-1,-1
531,20,548.357,42.113,157.278,158.910,1,-1,-1,-1
531,39,553.133,292.401,30.364,32.238,1,-1,-1,-1
532,20,549.552,41.035,157.451,159.079,1,-1,-1,-1
532,39,555.277,295.857,27.455,29.148,1,-1,-1,-1
533,20,550.747,39.957,157.624,159.247,1,-1,-1,-1
533,39,557.421,299.313,24.545,26.059,1,-1,-1,-1
534,20,551.942,38.879,157.796,159.416,1,-1,-1,-1
534,39,559.564,302.769,21.635,22.970,1,-1,-1,-1
535,20,553.137,37.802,157.969,159.584,1,-1,-1,-1
535,39,561.708,306.224,18.726,19.881,1,-1,-1,-1
535,43,522.436,24.062,254.489,166.755,1,-1,-1,-1
536,20,554.332,36.724,158.142,159.752,1,-1,-1,-1
536,39,563.852,309.680,15.816,16.792,1,-1,-1,-1
536,43,505.960,22.343,272.771,179.187,1,-1,-1,-1
537,20,555.527,35.646,158.315,159.921,1,-1,-1,-1
537,39,565.996,313.136,12.906,13.703,1,-1,-1,-1
537,43,509.608,26.280,257.579,168.973,1,-1,-1,-1
538,20,556.722,34.568,158.488,160.089,1,-1,-1,-1
538,39,568.140,316.592,9.997,10.614,1,-1,-1,-1
538,43,506.405,27.464,258.086,169.305,1,-1,-1,-1
539,20,557.917,33.490,158.661,160.258,1,-1,-1,-1
539,39,570.284,320.048,7.087,7.524,1,-1,-1,-1
539,43,503.202,28.647,258.592,169.638,1,-1,-1,-1
540,20,559.112,32.412,158.834,160.426,1,-1,-1,-1
540,39,498.872,278.114,48.681,53.048,1,-1,-1,-1
540,43,500.000,29.830,259.099,169.970,1,-1,-1,-1
541,20,560.307,31.335,159.006,160.595,1,-1,-1,-1
541,39,491.948,276.769,51.567,58.010,1,-1,-1,-1
541,43,496.797,31.013,259.605,170.302,1,-1,-1,-1
542,20,561.502,30.257,159.179,160.763,1,-1,-1,-1
542,39,488.086,276.575,52.374,58.918,1,-1,-1,-1
542,43,482.889,45.691,256.260,168.944,1,-1,-1,-1
543,20,562.697,29.179,159.352,160.932,1,-1,-1,-1
543,39,484.223,276.381,53.181,59.826,1,-1,-1,-1
543,43,478.255,48.578,256.441,169.063,1,-1,-1,-1
544,39,480.361,276.187,53.988,60.734,1,-1,-1,-1
544,43,473.621,51.464,256.621,169.182,1,-1,-1,-1
545,39,476.498,275.994,54.795,61.642,1,-1,-1,-1
545,43,468.987,54.351,256.801,169.301,1,-1,-1,-1
546,39,472.636,275.800,55.602,62.550,1,-1,-1,-1
546,43,464.352,57.238,256.982,169.420,1,-1,-1,-1
546,48,451.709,53.888,266.326,218.186,1,-1,-1,-1
547,39,468.774,275.606,56.410,63.458,1,-1,-1,-1
547,43,459.718,60.125,257.162,169.539,1,-1,-1,-1
547,48,446.242,55.181,271.366,222.315,1,-1,-1,-1
548,39,464.911,275.412,57.217,64.366,1,-1,-1,-1
548,43,455.084,63.012,257.342,169.657,1,-1,-1,-1
548,48,446.325,64.907,247.593,202.515,1,-1,-1,-1
549,39,461.049,275.218,58.024,65.274,1,-1,-1,-1
549,43,450.449,65.899,257.523,169.776,1,-1,-1,-1
549,48,444.811,67.548,242.154,197.546,1,-1,-1,-1
550,39,457.186,275.024,58.831,66.182,1,-1,-1,-1
550,43,445.815,68.785,257.703,169.895,1,-1,-1,-1
550,48,441.421,70.775,239.036,195.002,1,-1,-1,-1
551,39,453.324,274.830,59.638,67.090,1,-1,-1,-1
551,43,441.181,71.672,257.883,170.014,1,-1,-1,-1
551,48,438.031,74.002,235.917,192.458,1,-1,-1,-1
552,39,449.461,274.636,60.445,67.998,1,-1,-1,-1
552,43,436.547,74.559,258.064,170.133,1,-1,-1,-1
552,48,434.641,77.229,232.799,189.914,1,-1,-1,-1
553,39,445.599,274.442,61.252,68.906,1,-1,-1,-1
553,43,431.912,77.446,258.244,170.252,1,-1,-1,-1
553,48,427.481,69.891,240.754,196.343,1,-1,-1,-1
553,49,657.030,221.767,193.881,188.618,1,-1,-1,-1
554,39,441.736,274.248,62.060,69.814,1,-1,-1,-1
554,43,427.278,80.333,258.424,170.371,1,-1,-1,-1
554,48,408.680,70.125,237.120,196.356,1,-1,-1,-1
554,49,655.302,222.277,194.249,188.976,1,-1,-1,-1
555,39,437.874,274.055,62.867,70.722,1,-1,-1,-1
555,43,422.644,83.219,258.604,170.490,1,-1,-1,-1
555,48,408.426,69.888,234.064,195.227,1,-1,-1,-1
555,49,644.315,210.565,205.230,199.254,1,-1,-1,-1
556,39,434.012,273.861,63.674,71.630,1,-1,-1,-1
556,43,418.009,86.106,258.785,170.608,1,-1,-1,-1
556,48,409.046,69.742,235.624,196.972,1,-1,-1,-1
556,49,640.184,207.835,208.307,202.242,1,-1,-1,-1
557,39,430.149,273.667,64.481,72.538,1,-1,-1,-1
557,43,413.375,88.993,258.965,170.727,1,-1,-1,-1
557,48,405.724,68.254,237.388,198.694,1,-1,-1,-1
557,49,636.054,205.105,211.385,205.230,1,-1,-1,-1
558,39,426.287,273.473,65.288,73.446,1,-1,-1,-1
558,43,408.741,91.880,259.145,170.846,1,-1,-1,-1
558,48,404.665,67.723,238.049,199.480,1,-1,-1,-1
558,49,631.923,202.375,214.462,208.218,1,-1,-1,-1
559,39,422.424,273.279,66.095,74.354,1,-1,-1,-1
559,43,404.107,94.767,259.326,170.965,1,-1,-1,-1
559,48,380.329,69.001,228.123,196.869,1,-1,-1,-1
559,49,627.792,199.645,217.540,211.206,1,-1,-1,-1
560,39,418.562,273.085,66.902,75.262,1,-1,-1,-1
560,43,399.472,97.654,259.506,171.084,1,-1,-1,-1
560,48,371.791,68.703,222.619,196.917,1,-1,-1,-1
560,49,623.661,196.916,220.617,214.193,1,-1,-1,-1
561,39,414.699,272.891,67.710,76.170,1,-1,-1,-1
561,43,394.838,100.540,259.686,171.203,1,-1,-1,-1
561,48,366.478,72.721,213.069,193.381,1,-1,-1,-1
561,49,619.531,194.186,223.695,217.181,1,-1,-1,-1
562,43,390.204,103.427,259.867,171.322,1,-1,-1,-1
562,48,369.722,84.574,199.342,183.538,1,-1,-1,-1
562,49,615.100,216.774,197.001,189.645,1,-1,-1,-1
563,48,369.971,77.243,203.529,189.292,1,-1,-1,-1
563,49,614.178,221.666,196.042,186.546,1,-1,-1,-1
564,48,370.925,74.110,204.406,191.820,1,-1,-1,-1
564,49,613.331,223.297,196.965,185.452,1,-1,-1,-1
565,48,366.339,79.273,194.459,185.322,1,-1,-1,-1
565,49,610.028,222.342,199.966,186.220,1,-1,-1,-1
566,48,358.652,72.605,198.645,192.669,1,-1,-1,-1
566,49,603.290,222.203,204.971,189.824,1,-1,-1,-1
567,48,359.944,72.790,196.128,192.323,1,-1,-1,-1
567,49,601.595,223.936,203.921,187.503,1,-1,-1,-1
568,48,358.348,69.976,201.330,199.193,1,-1,-1,-1
568,49,599.961,224.609,205.606,188.011,1,-1,-1,-1
569,48,362.230,70.421,201.481,199.697,1,-1,-1,-1
569,49,599.695,227.404,200.810,182.264,1,-1,-1,-1
570,48,364.971,70.635,201.413,199.747,1,-1,-1,-1
570,49,599.070,227.735,200.293,180.678,1,-1,-1,-1
571,48,373.763,69.279,204.379,199.911,1,-1,-1,-1
571,49,597.557,226.790,199.294,178.887,1,-1,-1,-1
572,48,371.682,69.038,205.732,199.842,1,-1,-1,-1
572,49,596.510,224.493,198.847,177.793,1,-1,-1,-1
573,48,368.197,70.043,210.712,202.362,1,-1,-1,-1
573,49,596.649,229.046,194.095,172.424,1,-1,-1,-1
574,48,363.747,70.087,213.337,202.496,1,-1,-1,-1
574,49,593.064,231.729,192.252,169.874,1,-1,-1,-1
575,48,357.703,70.720,211.016,198.065,1,-1,-1,-1
575,49,590.352,233.178,191.906,168.594,1,-1,-1,-1
576,48,355.006,71.133,211.177,196.168,1,-1,-1,-1
576,49,589.652,233.827,191.981,167.781,1,-1,-1,-1
577,48,346.145,73.369,222.901,207.367,1,-1,-1,-1
577,49,585.973,231.481,194.906,169.818,1,-1,-1,-1
578,48,336.306,73.126,236.645,221.844,1,-1,-1,-1
578,49,585.935,232.030,189.043,163.755,1,-1,-1,-1
579,48,335.945,74.269,234.599,220.233,1,-1,-1,-1
579,49,584.298,231.330,188.180,162.370,1,-1,-1,-1
580,48,335.256,74.940,234.197,219.773,1,-1,-1,-1
580,49,583.149,230.056,188.525,162.103,1,-1,-1,-1
581,48,334.990,72.916,232.894,218.260,1,-1,-1,-1
581,49,580.299,230.852,191.036,163.742,1,-1,-1,-1
582,48,335.092,72.752,232.081,217.110,1,-1,-1,-1
582,49,578.882,231.190,192.769,164.759,1,-1,-1,-1
583,48,339.801,84.155,219.399,202.999,1,-1,-1,-1
583,49,574.927,229.024,197.092,168.535,1,-1,-1,-1
584,48,334.287,78.965,230.508,212.479,1,-1,-1,-1
584,49,568.765,224.313,204.014,175.090,1,-1,-1,-1
585,48,333.006,85.784,227.076,208.002,1,-1,-1,-1
585,49,565.078,226.622,204.136,175.734,1,-1,-1,-1
586,48,337.783,108.940,208.772,187.348,1,-1,-1,-1
586,49,563.334,228.800,202.772,175.233,1,-1,-1,-1
587,48,336.908,112.647,206.365,185.188,1,-1,-1,-1
587,49,559.857,225.149,203.566,177.203,1,-1,-1,-1
588,48,336.033,116.353,203.958,183.027,1,-1,-1,-1
588,49,558.966,223.578,203.282,178.163,1,-1,-1,-1
589,48,335.158,120.059,201.551,180.867,1,-1,-1,-1
589,49,556.457,223.096,203.939,178.738,1,-1,-1,-1
590,48,334.283,123.766,199.143,178.707,1,-1,-1,-1
590,49,553.949,222.615,204.595,179.313,1,-1,-1,-1
591,48,333.409,127.472,196.736,176.547,1,-1,-1,-1
591,49,552.741,231.722,196.443,172.693,1,-1,-1,-1
592,48,326.856,92.333,220.904,193.705,1,-1,-1,-1
592,49,550.328,232.158,196.314,172.579,1,-1,-1,-1
593,48,322.529,90.700,226.228,194.482,1,-1,-1,-1
593,49,547.915,232.595,196.184,172.465,1,-1,-1,-1
594,48,321.109,90.308,229.106,193.799,1,-1,-1,-1
594,49,545.502,233.032,196.055,172.351,1,-1,-1,-1
595,48,320.027,90.169,228.774,193.518,1,-1,-1,-1
595,49,543.089,233.469,195.925,172.237,1,-1,-1,-1
596,48,318.946,90.030,228.442,193.237,1,-1,-1,-1
596,49,540.676,233.905,195.796,172.123,1,-1,-1,-1
597,48,317.865,89.891,228.111,192.956,1,-1,-1,-1
597,49,538.263,234.342,195.666,172.009,1,-1,-1,-1
598,48,316.784,89.752,227.779,192.675,1,-1,-1,-1
598,49,535.850,234.779,195.537,171.895,1,-1,-1,-1
599,48,315.703,89.613,227.447,192.394,1,-1,-1,-1
599,49,533.437,235.215,195.407,171.781,1,-1,-1,-1
600,48,314.622,89.474,227.116,192.113,1,-1,-1,-1
600,49,531.024,235.652,195.278,171.667,1,-1,-1,-1
601,48,313.541,89.335,226.784,191.832,1,-1,-1,-1
601,49,528.611,236.089,195.148,171.553,1,-1,-1,-1
602,48,312.460,89.196,226.452,191.550,1,-1,-1,-1
602,49,526.198,236.526,195.018,171.439,1,-1,-1,-1
603,48,323.447,107.475,219.083,183.643,1,-1,-1,-1
603,49,523.785,236.962,194.889,171.325,1,-1,-1,-1
604,48,336.664,110.257,199.560,165.111,1,-1,-1,-1
604,49,496.056,242.553,263.684,236.100,1,-1,-1,-1
605,48,338.047,111.643,196.388,162.486,1,-1,-1,-1
605,49,494.814,241.333,257.038,231.536,1,-1,-1,-1
606,48,339.430,113.029,193.216,159.861,1,-1,-1,-1
606,49,496.191,241.050,250.771,226.017,1,-1,-1,-1
607,48,303.245,108.146,224.637,182.296,1,-1,-1,-1
607,49,492.627,241.608,253.783,228.731,1,-1,-1,-1
608,48,298.248,108.178,228.960,184.233,1,-1,-1,-1
608,49,489.063,242.165,256.795,231.446,1,-1,-1,-1
609,48,283.995,106.990,240.682,191.615,1,-1,-1,-1
609,49,477.079,233.901,266.419,245.561,1,-1,-1,-1
610,48,271.704,107.235,253.011,200.844,1,-1,-1,-1
610,49,472.611,233.726,270.390,249.222,1,-1,-1,-1
611,48,267.891,107.442,253.110,199.655,1,-1,-1,-1
611,49,466.201,221.514,275.553,259.988,1,-1,-1,-1
612,48,266.725,107.444,253.347,198.791,1,-1,-1,-1
612,49,465.907,218.526,273.554,263.054,1,-1,-1,-1
613,48,277.325,109.224,229.372,175.083,1,-1,-1,-1
613,49,468.452,220.766,267.563,260.787,1,-1,-1,-1
614,48,262.821,108.184,252.244,193.099,1,-1,-1,-1
614,49,469.286,222.425,260.348,256.170,1,-1,-1,-1
615,48,258.950,108.480,253.769,194.264,1,-1,-1,-1
615,49,469.347,219.188,257.188,254.854,1,-1,-1,-1
616,48,255.080,108.776,255.293,195.430,1,-1,-1,-1
616,49,476.214,222.947,238.744,234.854,1,-1,-1,-1
617,48,251.209,109.072,256.818,196.595,1,-1,-1,-1
617,49,485.035,230.244,221.293,213.744,1,-1,-1,-1
618,48,247.339,109.368,258.342,197.761,1,-1,-1,-1
618,49,487.436,233.149,216.451,205.685,1,-1,-1,-1
619,48,256.744,114.484,248.787,193.250,1,-1,-1,-1
619,49,482.442,220.443,227.811,215.268,1,-1,-1,-1
620,48,257.179,111.314,248.386,194.772,1,-1,-1,-1
620,49,482.418,218.540,229.662,215.442,1,-1,-1,-1
621,48,257.597,111.516,245.287,195.035,1,-1,-1,-1
621,49,481.903,217.309,228.451,214.306,1,-1,-1,-1
622,48,265.432,115.865,233.413,187.955,1,-1,-1,-1
622,49,481.388,216.077,227.239,213.170,1,-1,-1,-1
623,48,269.948,126.867,223.360,182.106,1,-1,-1,-1
623,49,480.873,214.845,226.027,212.033,1,-1,-1,-1
624,48,272.183,130.102,218.848,180.381,1,-1,-1,-1
624,49,480.358,213.614,224.816,210.897,1,-1,-1,-1
625,48,269.143,130.181,218.188,182.237,1,-1,-1,-1
625,49,479.843,212.382,223.604,209.761,1,-1,-1,-1
626,48,265.611,130.711,218.302,184.864,1,-1,-1,-1
626,49,479.328,211.151,222.392,208.625,1,-1,-1,-1
627,48,265.796,130.037,215.865,185.504,1,-1,-1,-1
627,49,478.813,209.919,221.181,207.488,1,-1,-1,-1
628,48,270.154,131.003,208.641,181.643,1,-1,-1,-1
628,49,478.298,208.688,219.969,206.352,1,-1,-1,-1
629,48,285.136,131.857,182.775,157.959,1,-1,-1,-1
629,49,477.783,207.456,218.758,205.216,1,-1,-1,-1
630,48,290.289,132.006,174.249,149.780,1,-1,-1,-1
630,49,477.268,206.224,217.546,204.080,1,-1,-1,-1
631,48,292.480,129.761,173.191,147.997,1,-1,-1,-1
631,49,476.753,204.993,216.334,202.943,1,-1,-1,-1
632,48,289.271,132.659,180.225,154.086,1,-1,-1,-1
632,49,476.238,203.761,215.123,201.807,1,-1,-1,-1
633,48,286.943,135.015,181.951,156.007,1,-1,-1,-1
633,49,475.723,202.530,213.911,200.671,1,-1,-1,-1
634,48,287.351,137.891,176.515,151.367,1,-1,-1,-1
634,49,475.208,201.298,212.700,199.535,1,-1,-1,-1
635,48,282.252,137.693,182.159,157.059,1,-1,-1,-1
635,49,431.774,182.234,249.199,244.427,1,-1,-1,-1
636,48,280.680,137.484,183.516,158.999,1,-1,-1,-1
636,49,435.551,182.197,241.535,244.725,1,-1,-1,-1
637,48,277.517,137.590,186.883,163.352,1,-1,-1,-1
637,49,461.553,221.605,206.038,206.109,1,-1,-1,-1
638,48,276.400,137.995,187.986,165.768,1,-1,-1,-1
638,49,451.165,189.300,239.241,243.167,1,-1,-1,-1
639,48,274.581,137.769,190.031,168.895,1,-1,-1,-1
639,49,452.265,179.640,248.921,255.639,1,-1,-1,-1
640,48,272.201,138.134,190.741,170.327,1,-1,-1,-1
640,49,454.460,177.913,250.267,257.940,1,-1,-1,-1
641,48,271.354,139.383,186.903,167.027,1,-1,-1,-1
641,49,456.806,174.962,251.949,260.889,1,-1,-1,-1
642,48,271.535,139.940,185.037,165.539,1,-1,-1,-1
642,49,458.177,173.930,251.821,261.899,1,-1,-1,-1
643,48,272.100,140.513,183.069,164.258,1,-1,-1,-1
643,49,486.021,226.516,205.098,206.023,1,-1,-1,-1
644,48,271.627,138.574,182.783,164.855,1,-1,-1,-1
644,49,495.475,243.926,190.514,186.567,1,-1,-1,-1
645,48,271.687,137.479,182.342,164.966,1,-1,-1,-1
645,49,470.903,192.600,238.071,236.139,1,-1,-1,-1
646,48,270.594,136.353,182.142,165.054,1,-1,-1,-1
646,49,485.257,221.642,210.040,202.872,1,-1,-1,-1
647,48,270.194,133.968,183.110,166.535,1,-1,-1,-1
647,49,462.614,177.901,248.372,243.539,1,-1,-1,-1
648,48,270.303,133.049,182.979,167.010,1,-1,-1,-1
648,49,457.282,163.998,257.527,256.034,1,-1,-1,-1
649,48,269.688,128.777,181.341,165.719,1,-1,-1,-1
649,49,454.712,156.913,259.655,260.988,1,-1,-1,-1
650,48,268.866,125.617,181.938,166.837,1,-1,-1,-1
650,49,479.480,205.503,213.407,209.657,1,-1,-1,-1
651,48,269.280,123.233,178.443,163.412,1,-1,-1,-1
651,49,493.725,230.423,185.251,177.105,1,-1,-1,-1
652,48,273.037,123.190,173.146,158.084,1,-1,-1,-1
652,49,495.074,238.827,175.792,164.364,1,-1,-1,-1
653,48,270.405,121.630,179.076,163.805,1,-1,-1,-1
653,49,491.522,235.384,179.813,165.581,1,-1,-1,-1
654,48,265.390,119.024,188.147,172.978,1,-1,-1,-1
654,49,494.078,237.585,178.776,162.016,1,-1,-1,-1
655,48,264.127,117.972,191.024,176.486,1,-1,-1,-1
655,49,493.972,238.383,180.272,161.081,1,-1,-1,-1
656,48,261.579,118.072,183.999,171.052,1,-1,-1,-1
656,49,484.419,231.868,187.191,167.361,1,-1,-1,-1
657,48,264.543,118.340,167.157,156.137,1,-1,-1,-1
657,49,477.484,224.091,197.050,177.176,1,-1,-1,-1
658,48,263.781,118.692,165.017,155.128,1,-1,-1,-1
658,49,478.446,222.361,196.078,176.385,1,-1,-1,-1
659,48,260.019,120.041,166.930,158.644,1,-1,-1,-1
659,49,475.447,221.402,198.063,179.331,1,-1,-1,-1
659,51,366.904,52.966,37.239,44.393,1,-1,-1,-1
660,48,262.013,119.964,178.693,170.103,1,-1,-1,-1
660,49,471.726,220.114,195.809,179.646,1,-1,-1,-1
660,51,366.044,52.891,36.627,43.664,1,-1,-1,-1
661,48,263.371,120.293,180.602,172.220,1,-1,-1,-1
661,49,470.370,219.261,195.682,179.529,1,-1,-1,-1
661,51,365.183,52.815,36.015,42.935,1,-1,-1,-1
662,48,261.196,122.567,167.128,160.817,1,-1,-1,-1
662,49,469.013,218.408,195.554,179.412,1,-1,-1,-1
662,51,364.323,52.740,35.403,42.205,1,-1,-1,-1
663,48,257.418,124.949,161.916,157.410,1,-1,-1,-1
663,49,484.849,219.471,186.593,169.290,1,-1,-1,-1
663,51,363.462,52.664,34.791,41.476,1,-1,-1,-1
664,48,257.520,127.175,155.070,152.002,1,-1,-1,-1
664,49,479.956,219.804,197.335,179.425,1,-1,-1,-1
664,51,362.602,52.589,34.180,40.747,1,-1,-1,-1
665,48,257.187,129.187,153.803,152.267,1,-1,-1,-1
665,49,484.052,216.668,196.368,177.183,1,-1,-1,-1
665,51,361.741,52.513,33.568,40.017,1,-1,-1,-1
666,48,273.312,130.679,157.817,152.551,1,-1,-1,-1
666,49,479.887,216.422,195.384,178.033,1,-1,-1,-1
666,51,360.881,52.438,32.956,39.288,1,-1,-1,-1
667,48,278.864,131.673,161.238,152.417,1,-1,-1,-1
667,49,479.005,216.347,194.473,178.675,1,-1,-1,-1
667,51,360.020,52.362,32.344,38.558,1,-1,-1,-1
668,48,280.002,133.040,160.961,149.083,1,-1,-1,-1
668,49,484.551,214.727,198.957,182.061,1,-1,-1,-1
668,51,359.160,52.287,31.732,37.829,1,-1,-1,-1
669,48,281.150,132.827,166.317,150.936,1,-1,-1,-1
669,49,484.173,209.787,206.936,190.022,1,-1,-1,-1
669,51,358.299,52.211,31.120,37.100,1,-1,-1,-1
670,48,279.648,133.588,168.104,150.100,1,-1,-1,-1
670,49,488.434,209.740,199.395,182.268,1,-1,-1,-1
670,51,357.439,52.136,30.508,36.370,1,-1,-1,-1
671,48,265.823,136.239,161.140,145.930,1,-1,-1,-1
671,49,489.097,208.622,199.732,182.576,1,-1,-1,-1
671,51,356.578,52.060,29.897,35.641,1,-1,-1,-1
672,48,261.542,137.013,157.675,144.550,1,-1,-1,-1
672,49,489.761,207.504,200.069,182.884,1,-1,-1,-1
672,51,355.718,51.985,29.285,34.911,1,-1,-1,-1
673,48,260.515,137.286,155.380,144.085,1,-1,-1,-1
673,49,490.424,206.387,200.406,183.191,1,-1,-1,-1
673,51,354.858,51.909,28.673,34.182,1,-1,-1,-1
674,48,262.946,138.226,149.931,139.864,1,-1,-1,-1
674,49,491.087,205.269,200.742,183.499,1,-1,-1,-1
674,51,353.997,51.834,28.061,33.453,1,-1,-1,-1
675,48,265.278,135.508,149.905,141.196,1,-1,-1,-1
675,49,491.750,204.151,201.079,183.807,1,-1,-1,-1
675,51,353.137,51.758,27.449,32.723,1,-1,-1,-1
676,48,265.929,134.877,150.256,142.856,1,-1,-1,-1
676,49,492.820,212.077,197.968,181.158,1,-1,-1,-1
676,51,352.276,51.683,26.837,31.994,1,-1,-1,-1
677,48,267.708,137.633,145.626,139.266,1,-1,-1,-1
677,49,493.509,211.726,198.031,181.216,1,-1,-1,-1
677,51,351.416,51.607,26.226,31.264,1,-1,-1,-1
678,48,269.705,139.714,142.563,136.814,1,-1,-1,-1
678,49,494.197,211.374,198.094,181.273,1,-1,-1,-1
678,51,350.555,51.532,25.614,30.535,1,-1,-1,-1
679,48,271.185,140.799,140.197,134.958,1,-1,-1,-1
679,49,494.886,211.023,198.157,181.330,1,-1,-1,-1
679,51,349.695,51.456,25.002,29.806,1,-1,-1,-1
680,48,271.618,138.886,142.316,137.738,1,-1,-1,-1
680,49,495.575,210.671,198.220,181.387,1,-1,-1,-1
681,48,274.562,140.372,139.667,135.640,1,-1,-1,-1
681,49,496.263,210.320,198.283,181.445,1,-1,-1,-1
682,48,274.973,135.898,143.256,140.183,1,-1,-1,-1
682,49,496.952,209.968,198.346,181.502,1,-1,-1,-1
683,48,279.480,137.427,141.873,139.130,1,-1,-1,-1
683,49,497.640,209.616,198.408,181.559,1,-1,-1,-1
684,48,278.311,133.366,145.665,143.791,1,-1,-1,-1
684,49,521.159,213.054,219.690,193.452,1,-1,-1,-1
685,48,278.592,132.100,146.021,145.099,1,-1,-1,-1
685,49,519.947,213.399,225.248,192.475,1,-1,-1,-1
686,48,280.181,131.714,143.954,142.926,1,-1,-1,-1
686,49,522.627,213.378,226.178,193.268,1,-1,-1,-1
687,48,280.808,131.315,143.958,142.933,1,-1,-1,-1
687,49,525.308,213.356,227.108,194.061,1,-1,-1,-1
688,48,281.400,121.418,151.417,152.021,1,-1,-1,-1
688,49,514.761,203.678,233.421,197.219,1,-1,-1,-1
689,48,283.724,119.728,148.737,150.175,1,-1,-1,-1
689,49,513.427,201.491,233.980,195.383,1,-1,-1,-1
690,48,285.130,118.764,147.182,149.452,1,-1,-1,-1
690,49,512.539,203.323,234.722,194.128,1,-1,-1,-1
691,48,286.172,119.077,145.312,148.267,1,-1,-1,-1
691,49,511.930,204.307,235.462,193.191,1,-1,-1,-1
692,48,287.980,117.767,143.656,146.733,1,-1,-1,-1
692,49,513.087,203.734,235.912,193.557,1,-1,-1,-1
693,48,288.571,115.794,144.977,148.169,1,-1,-1,-1
693,49,514.245,203.162,236.361,193.923,1,-1,-1,-1
694,48,284.128,111.428,176.555,181.510,1,-1,-1,-1
694,49,515.403,202.590,236.810,194.289,1,-1,-1,-1
695,48,278.528,107.874,184.362,192.150,1,-1,-1,-1
695,49,511.872,198.927,240.868,197.507,1,-1,-1,-1
696,48,276.381,105.791,187.038,197.286,1,-1,-1,-1
696,49,494.337,194.915,224.705,190.495,1,-1,-1,-1
697,48,276.238,105.360,187.411,200.081,1,-1,-1,-1
697,49,490.661,193.939,213.900,186.339,1,-1,-1,-1
698,48,268.904,99.365,199.128,216.331,1,-1,-1,-1
698,49,489.940,192.447,206.374,183.956,1,-1,-1,-1
699,48,268.350,95.433,199.778,220.255,1,-1,-1,-1
699,49,491.189,190.364,201.517,183.652,1,-1,-1,-1
700,48,270.026,93.167,197.841,220.649,1,-1,-1,-1
700,49,495.287,189.624,195.383,181.103,1,-1,-1,-1
701,48,268.897,90.963,202.179,225.495,1,-1,-1,-1
701,49,499.833,188.450,188.559,176.770,1,-1,-1,-1
702,48,280.764,95.905,189.905,211.397,1,-1,-1,-1
702,49,498.858,187.220,187.126,175.427,1,-1,-1,-1
703,48,283.557,96.714,187.668,208.448,1,-1,-1,-1
703,49,507.273,186.542,184.312,173.332,1,-1,-1,-1
704,48,286.507,97.459,194.719,214.723,1,-1,-1,-1
704,49,508.958,183.809,179.666,170.460,1,-1,-1,-1
705,48,287.092,96.292,197.484,217.780,1,-1,-1,-1
705,49,510.450,182.643,175.243,167.639,1,-1,-1,-1
706,48,279.467,95.711,209.768,233.629,1,-1,-1,-1
706,49,510.667,181.315,173.418,165.894,1,-1,-1,-1
707,48,268.059,83.610,221.034,252.926,1,-1,-1,-1
707,49,516.129,179.363,169.567,162.546,1,-1,-1,-1
708,48,279.817,76.246,212.699,242.893,1,-1,-1,-1
708,49,516.929,177.963,167.554,160.617,1,-1,-1,-1
709,48,285.005,73.457,208.809,238.103,1,-1,-1,-1
709,49,517.728,176.563,165.540,158.688,1,-1,-1,-1
710,48,286.524,75.054,201.281,230.149,1,-1,-1,-1
710,49,522.610,174.414,168.699,162.439,1,-1,-1,-1
711,48,283.873,69.833,212.147,243.644,1,-1,-1,-1
711,49,527.207,174.861,164.258,157.920,1,-1,-1,-1
712,48,281.666,67.235,218.575,252.441,1,-1,-1,-1
712,49,526.281,168.283,171.613,166.302,1,-1,-1,-1
713,48,283.195,67.866,219.228,254.921,1,-1,-1,-1
713,49,527.498,166.398,171.096,165.802,1,-1,-1,-1
714,48,282.954,65.646,222.598,258.851,1,-1,-1,-1
714,49,528.715,164.512,170.579,165.303,1,-1,-1,-1
715,48,282.714,63.427,225.968,262.782,1,-1,-1,-1
715,49,529.932,162.626,170.063,164.803,1,-1,-1,-1
716,48,282.473,61.207,229.338,266.712,1,-1,-1,-1
716,49,531.149,160.741,169.546,164.303,1,-1,-1,-1
717,48,301.065,69.212,194.475,224.650,1,-1,-1,-1
717,49,532.366,158.855,169.029,163.804,1,-1,-1,-1
718,48,302.500,67.872,194.444,224.623,1,-1,-1,-1
718,49,533.583,156.970,168.512,163.304,1,-1,-1,-1
719,48,295.264,47.479,221.050,258.189,1,-1,-1,-1
719,49,534.801,155.084,167.995,162.805,1,-1,-1,-1
719,54,425.041,229.274,46.627,54.844,1,-1,-1,-1
720,48,293.782,32.690,227.113,267.849,1,-1,-1,-1
720,49,536.018,153.199,167.478,162.305,1,-1,-1,-1
720,54,426.338,227.581,48.142,56.626,1,-1,-1,-1
721,48,293.760,27.473,228.146,271.297,1,-1,-1,-1
721,49,537.235,151.313,166.961,161.805,1,-1,-1,-1
721,54,427.636,225.888,49.657,58.408,1,-1,-1,-1
722,48,296.632,26.805,228.170,271.498,1,-1,-1,-1
722,49,538.452,149.427,166.445,161.306,1,-1,-1,-1
722,54,428.933,224.195,51.172,60.190,1,-1,-1,-1
723,48,299.650,25.198,231.409,276.020,1,-1,-1,-1
723,49,539.669,147.542,165.928,160.806,1,-1,-1,-1
723,54,430.231,222.502,52.687,61.972,1,-1,-1,-1
724,48,302.609,24.828,232.860,277.501,1,-1,-1,-1
724,49,540.886,145.656,165.411,160.307,1,-1,-1,-1
724,54,431.528,220.809,54.201,63.753,1,-1,-1,-1
725,48,301.730,25.903,237.790,283.690,1,-1,-1,-1
725,49,542.103,143.771,164.894,159.807,1,-1,-1,-1
725,54,432.826,219.116,55.716,65.535,1,-1,-1,-1
726,48,313.501,24.057,219.795,256.967,1,-1,-1,-1
726,49,543.320,141.885,164.377,159.307,1,-1,-1,-1
726,54,434.123,217.423,57.231,67.317,1,-1,-1,-1
727,48,316.735,23.508,215.286,247.456,1,-1,-1,-1
727,49,544.537,139.999,163.860,158.808,1,-1,-1,-1
727,54,435.421,215.730,58.746,69.099,1,-1,-1,-1
728,48,309.127,20.912,236.474,270.755,1,-1,-1,-1
728,49,545.754,138.114,163.344,158.308,1,-1,-1,-1
728,54,436.718,214.037,60.261,70.881,1,-1,-1,-1
729,48,309.204,14.397,244.178,278.217,1,-1,-1,-1
729,49,546.971,136.228,162.827,157.808,1,-1,-1,-1
729,54,438.016,212.344,61.776,72.663,1,-1,-1,-1
730,48,311.648,10.928,243.785,275.333,1,-1,-1,-1
730,49,548.188,134.343,162.310,157.309,1,-1,-1,-1
730,54,439.314,210.651,63.291,74.445,1,-1,-1,-1
731,48,314.427,10.703,241.395,270.200,1,-1,-1,-1
731,49,549.405,132.457,161.793,156.809,1,-1,-1,-1
731,54,440.611,208.959,64.806,76.227,1,-1,-1,-1
732,48,314.723,10.321,248.973,278.118,1,-1,-1,-1
732,49,550.622,130.572,161.277,156.310,1,-1,-1,-1
732,54,441.909,207.266,66.321,78.009,1,-1,-1,-1
733,48,315.035,10.480,251.558,280.513,1,-1,-1,-1
733,54,443.206,205.573,67.836,79.791,1,-1,-1,-1
734,48,314.725,11.080,254.753,284.008,1,-1,-1,-1
734,54,444.504,203.880,69.351,81.572,1,-1,-1,-1
735,48,312.536,9.884,260.364,291.061,1,-1,-1,-1
735,54,445.801,202.187,70.866,83.354,1,-1,-1,-1
736,48,305.387,9.198,256.316,290.077,1,-1,-1,-1
736,54,447.099,200.494,72.381,85.136,1,-1,-1,-1
737,48,314.537,6.509,258.039,291.926,1,-1,-1,-1
737,54,448.396,198.801,73.895,86.918,1,-1,-1,-1
738,48,316.857,4.858,262.146,297.187,1,-1,-1,-1
738,54,449.694,197.108,75.410,88.700,1,-1,-1,-1
739,48,318.209,4.492,262.793,298.354,1,-1,-1,-1
739,54,450.991,195.415,76.925,90.482,1,-1,-1,-1
740,48,319.178,2.778,265.062,300.942,1,-1,-1,-1
741,48,316.036,2.513,216.884,250.562,1,-1,-1,-1
742,48,314.607,0.262,230.044,270.973,1,-1,-1,-1
743,48,331.770,-0.479,214.282,251.519,1,-1,-1,-1
743,58,605.353,112.572,190.769,276.441,1,-1,-1,-1
744,48,339.201,-0.640,204.345,240.451,1,-1,-1,-1
744,58,615.111,113.026,177.449,254.511,1,-1,-1,-1
745,48,342.081,-0.634,200.436,236.303,1,-1,-1,-1
745,58,615.908,112.826,176.602,250.290,1,-1,-1,-1
746,48,343.103,-0.584,197.194,233.166,1,-1,-1,-1
746,58,616.704,104.160,178.497,249.843,1,-1,-1,-1
747,48,346.302,-0.518,191.489,226.576,1,-1,-1,-1
747,58,619.330,100.149,175.508,241.615,1,-1,-1,-1
748,48,348.454,-0.446,185.429,219.460,1,-1,-1,-1
748,58,618.551,99.254,175.591,237.834,1,-1,-1,-1
749,48,347.615,-0.380,180.549,214.262,1,-1,-1,-1
749,58,620.353,99.173,172.289,228.722,1,-1,-1,-1
750,48,346.027,-0.326,174.250,206.672,1,-1,-1,-1
750,58,617.856,96.589,175.424,228.572,1,-1,-1,-1
751,48,344.678,-0.276,172.335,204.288,1,-1,-1,-1
751,58,615.794,94.402,181.621,232.827,1,-1,-1,-1
752,48,345.227,-0.239,167.619,198.112,1,-1,-1,-1
752,58,615.462,92.821,179.992,225.689,1,-1,-1,-1
753,48,348.602,-0.203,159.118,187.061,1,-1,-1,-1
753,58,614.075,94.125,177.185,217.487,1,-1,-1,-1
754,48,347.868,-0.169,154.266,180.465,1,-1,-1,-1
754,58,614.488,93.560,172.073,206.643,1,-1,-1,-1
754,59,510.851,182.440,49.867,58.283,1,-1,-1,-1
755,48,349.094,-0.461,149.390,174.769,1,-1,-1,-1
755,58,611.537,93.587,170.441,200.414,1,-1,-1,-1
755,59,511.984,187.375,46.488,53.715,1,-1,-1,-1
756,48,350.319,-0.753,144.514,169.072,1,-1,-1,-1
756,58,607.372,94.306,169.272,194.327,1,-1,-1,-1
756,59,502.048,167.771,60.482,69.631,1,-1,-1,-1
757,48,351.544,-1.046,139.638,163.375,1,-1,-1,-1
757,58,604.690,94.741,171.050,192.041,1,-1,-1,-1
757,59,499.217,162.572,64.410,73.858,1,-1,-1,-1
758,48,349.078,0.047,140.650,161.262,1,-1,-1,-1
758,58,601.956,92.284,174.770,192.568,1,-1,-1,-1
758,59,497.466,161.096,64.667,73.799,1,-1,-1,-1
759,48,349.087,0.804,136.322,152.237,1,-1,-1,-1
759,58,597.670,94.201,176.735,191.344,1,-1,-1,-1
759,59,496.921,161.105,62.341,70.367,1,-1,-1,-1
760,48,348.255,0.677,135.958,147.652,1,-1,-1,-1
760,58,598.174,93.771,172.499,186.758,1,-1,-1,-1
760,59,495.589,159.741,61.443,69.212,1,-1,-1,-1
761,48,345.227,2.804,138.307,146.725,1,-1,-1,-1
761,58,591.900,90.540,182.535,195.701,1,-1,-1,-1
761,59,493.882,156.960,62.172,70.034,1,-1,-1,-1
762,48,340.379,2.777,143.399,149.118,1,-1,-1,-1
762,58,591.704,89.770,179.787,192.754,1,-1,-1,-1
762,59,492.175,154.180,62.901,70.855,1,-1,-1,-1
763,48,337.895,2.840,146.697,149.920,1,-1,-1,-1
763,58,591.507,89.001,177.038,189.807,1,-1,-1,-1
763,59,490.468,151.399,63.630,71.677,1,-1,-1,-1
764,48,333.258,2.486,151.484,152.299,1,-1,-1,-1
764,58,591.311,88.231,174.290,186.860,1,-1,-1,-1
764,59,488.761,148.619,64.360,72.498,1,-1,-1,-1
765,48,330.332,2.063,154.141,152.542,1,-1,-1,-1
765,58,591.115,87.462,171.541,183.913,1,-1,-1,-1
765,59,487.053,145.838,65.089,73.319,1,-1,-1,-1
766,48,324.626,0.710,157.501,153.552,1,-1,-1,-1
766,58,590.918,86.692,168.792,180.966,1,-1,-1,-1
766,59,485.346,143.058,65.818,74.141,1,-1,-1,-1
767,48,323.132,0.206,158.726,152.528,1,-1,-1,-1
767,58,590.722,85.922,166.044,178.018,1,-1,-1,-1
767,59,483.639,140.277,66.547,74.962,1,-1,-1,-1
768,48,320.198,0.022,157.894,149.551,1,-1,-1,-1
768,58,590.525,85.153,163.295,175.071,1,-1,-1,-1
768,59,481.786,166.700,52.011,58.663,1,-1,-1,-1
769,48,318.421,-0.041,159.205,148.915,1,-1,-1,-1
769,58,590.329,84.383,160.547,172.124,1,-1,-1,-1
769,59,481.424,167.675,51.232,57.832,1,-1,-1,-1
770,48,314.728,-0.059,154.657,142.558,1,-1,-1,-1
770,58,590.133,83.614,157.798,169.177,1,-1,-1,-1
770,59,479.858,167.456,50.686,57.215,1,-1,-1,-1
771,48,308.624,-0.059,154.349,140.094,1,-1,-1,-1
771,58,589.936,82.844,155.049,166.230,1,-1,-1,-1
771,59,478.291,167.237,50.140,56.599,1,-1,-1,-1
772,48,302.937,-0.054,154.246,138.091,1,-1,-1,-1
772,58,589.740,82.074,152.301,163.283,1,-1,-1,-1
772,59,469.738,170.912,54.876,62.282,1,-1,-1,-1
773,48,295.793,-0.049,162.568,144.592,1,-1,-1,-1
773,58,549.944,97.769,176.970,192.055,1,-1,-1,-1
773,59,465.898,172.393,57.235,65.504,1,-1,-1,-1
774,48,290.509,-0.045,164.198,145.000,1,-1,-1,-1
774,58,546.878,97.580,171.445,188.286,1,-1,-1,-1
774,59,463.243,172.808,57.705,66.042,1,-1,-1,-1
775,48,288.822,-0.040,164.072,143.839,1,-1,-1,-1
775,58,546.640,97.960,167.914,186.095,1,-1,-1,-1
775,59,460.589,173.223,58.176,66.580,1,-1,-1,-1
776,48,286.303,-0.103,162.900,142.810,1,-1,-1,-1
776,58,543.791,98.261,166.839,184.904,1,-1,-1,-1
776,59,457.935,173.638,58.646,67.119,1,-1,-1,-1
777,48,279.264,-0.036,163.466,141.719,1,-1,-1,-1
777,58,538.495,96.623,167.526,186.399,1,-1,-1,-1
777,59,457.892,178.070,55.818,62.122,1,-1,-1,-1
778,48,275.439,-0.027,165.329,142.116,1,-1,-1,-1
778,58,535.354,96.720,166.709,185.490,1,-1,-1,-1
778,59,455.550,178.856,55.842,62.150,1,-1,-1,-1
779,48,272.353,-0.024,166.756,142.254,1,-1,-1,-1
779,58,532.212,96.818,165.892,184.581,1,-1,-1,-1
779,59,453.207,179.641,55.867,62.177,1,-1,-1,-1
780,48,268.758,-0.021,170.844,144.900,1,-1,-1,-1
780,58,529.070,96.916,165.075,183.672,1,-1,-1,-1
780,59,450.864,180.427,55.892,62.205,1,-1,-1,-1
781,48,267.365,-0.018,173.119,146.015,1,-1,-1,-1
781,58,525.929,97.014,164.258,182.763,1,-1,-1,-1
781,59,448.522,181.213,55.917,62.232,1,-1,-1,-1
782,48,259.386,-0.016,177.052,148.641,1,-1,-1,-1
782,58,522.787,97.111,163.441,181.853,1,-1,-1,-1
782,59,446.179,181.998,55.942,62.260,1,-1,-1,-1
783,48,254.705,-0.015,178.053,148.668,1,-1,-1,-1
783,58,531.773,108.139,154.564,171.180,1,-1,-1,-1
783,59,443.836,182.784,55.966,62.288,1,-1,-1,-1
784,48,249.752,-0.013,181.122,150.711,1,-1,-1,-1
784,58,532.873,109.240,150.393,164.966,1,-1,-1,-1
784,59,444.555,190.544,51.832,54.861,1,-1,-1,-1
785,48,243.818,-0.011,186.362,155.602,1,-1,-1,-1
785,58,523.979,107.157,159.597,174.038,1,-1,-1,-1
785,59,439.266,192.070,52.873,56.119,1,-1,-1,-1
786,48,238.868,-0.010,186.175,155.400,1,-1,-1,-1
786,58,519.824,109.171,155.938,167.783,1,-1,-1,-1
786,59,435.977,193.622,54.202,58.306,1,-1,-1,-1
787,48,237.016,-0.009,186.299,155.473,1,-1,-1,-1
787,58,517.378,109.843,156.064,166.114,1,-1,-1,-1
787,59,434.451,194.091,54.030,59.112,1,-1,-1,-1
788,48,229.221,-0.008,190.104,158.523,1,-1,-1,-1
788,58,500.290,110.695,165.916,173.866,1,-1,-1,-1
788,59,432.811,186.557,62.079,68.999,1,-1,-1,-1
789,48,225.663,-0.007,190.568,158.410,1,-1,-1,-1
789,58,491.810,110.881,172.425,179.342,1,-1,-1,-1
789,59,432.217,188.921,62.783,69.976,1,-1,-1,-1
790,48,217.978,-0.006,197.688,165.230,1,-1,-1,-1
790,58,487.342,111.620,172.695,179.623,1,-1,-1,-1
790,59,429.982,189.384,63.832,71.146,1,-1,-1,-1
791,48,212.780,-0.006,196.309,164.513,1,-1,-1,-1
791,58,482.874,112.359,172.966,179.904,1,-1,-1,-1
791,59,427.747,189.846,64.881,72.315,1,-1,-1,-1
791,61,729.998,190.905,51.207,34.541,1,-1,-1,-1
792,48,205.517,-0.005,196.937,164.830,1,-1,-1,-1
792,58,478.406,113.098,173.236,180.184,1,-1,-1,-1
792,59,425.511,190.309,65.931,73.485,1,-1,-1,-1
792,61,722.714,192.338,56.156,38.397,1,-1,-1,-1
793,48,202.542,-0.005,197.761,165.412,1,-1,-1,-1
793,58,473.938,113.837,173.506,180.465,1,-1,-1,-1
793,59,423.276,190.771,66.980,74.655,1,-1,-1,-1
793,61,720.397,192.918,57.197,39.741,1,-1,-1,-1
794,48,200.342,-0.004,199.106,166.423,1,-1,-1,-1
794,58,469.469,114.576,173.777,180.746,1,-1,-1,-1
794,59,421.041,191.234,68.030,75.824,1,-1,-1,-1
794,61,716.547,193.273,60.575,42.088,1,-1,-1,-1
794,62,443.033,414.745,47.484,65.255,1,-1,-1,-1
795,48,195.798,-0.004,198.123,165.475,1,-1,-1,-1
795,58,465.001,115.315,174.047,181.027,1,-1,-1,-1
795,59,405.726,183.318,70.257,80.655,1,-1,-1,-1
795,61,712.698,193.628,63.953,44.435,1,-1,-1,-1
795,62,442.260,414.870,47.393,65.130,1,-1,-1,-1
796,48,184.645,-0.003,207.341,174.035,1,-1,-1,-1
796,58,460.533,116.054,174.318,181.307,1,-1,-1,-1
796,59,402.434,183.143,71.518,82.103,1,-1,-1,-1
796,61,708.848,193.983,67.331,46.783,1,-1,-1,-1
796,62,441.487,414.994,47.303,65.006,1,-1,-1,-1
797,48,176.942,-0.003,210.831,177.753,1,-1,-1,-1
797,58,456.065,116.793,174.588,181.588,1,-1,-1,-1
797,59,399.142,182.967,72.780,83.551,1,-1,-1,-1
797,61,704.999,194.338,70.710,49.130,1,-1,-1,-1
797,62,440.715,415.119,47.212,64.881,1,-1,-1,-1
798,48,173.289,-0.003,208.648,176.444,1,-1,-1,-1
798,58,451.597,117.532,174.859,181.869,1,-1,-1,-1
798,59,395.850,182.792,74.041,85.000,1,-1,-1,-1
798,61,701.149,194.693,74.088,51.477,1,-1,-1,-1
798,62,439.942,415.243,47.122,64.757,1,-1,-1,-1
799,48,171.642,-0.002,208.404,176.992,1,-1,-1,-1
799,58,447.129,118.271,175.129,182.150,1,-1,-1,-1
799,59,392.557,182.617,75.303,86.448,1,-1,-1,-1
799,61,697.300,195.048,77.466,53.824,1,-1,-1,-1
799,62,439.169,415.368,47.031,64.632,1,-1,-1,-1
800,48,167.655,-0.002,211.123,180.037,1,-1,-1,-1
800,58,442.660,119.010,175.400,182.430,1,-1,-1,-1
800,59,389.265,182.441,76.564,87.896,1,-1,-1,-1
800,61,693.450,195.403,80.844,56.171,1,-1,-1,-1
800,62,438.397,415.492,46.941,64.508,1,-1,-1,-1
801,48,163.054,-0.002,211.747,181.122,1,-1,-1,-1
801,58,438.192,119.749,175.670,182.711,1,-1,-1,-1
801,59,391.717,201.117,54.427,62.789,1,-1,-1,-1
801,61,689.601,195.758,84.222,58.519,1,-1,-1,-1
801,62,437.624,415.616,46.850,64.384,1,-1,-1,-1
802,48,148.631,-0.002,232.983,202.206,1,-1,-1,-1
802,58,433.724,120.488,175.941,182.992,1,-1,-1,-1
802,59,388.841,202.344,53.971,62.262,1,-1,-1,-1
802,61,685.752,196.113,87.600,60.866,1,-1,-1,-1
802,62,436.851,415.741,46.759,64.259,1,-1,-1,-1
803,48,146.679,-0.002,227.617,199.182,1,-1,-1,-1
803,58,429.256,121.227,176.211,183.273,1,-1,-1,-1
803,59,385.965,203.571,53.514,61.736,1,-1,-1,-1
803,61,681.902,196.468,90.978,63.213,1,-1,-1,-1
803,62,436.079,415.865,46.669,64.135,1,-1,-1,-1
804,48,148.960,-0.001,215.651,188.842,1,-1,-1,-1
804,58,424.788,121.966,176.482,183.554,1,-1,-1,-1
804,59,383.089,204.797,53.057,61.209,1,-1,-1,-1
804,61,678.053,196.823,94.357,65.560,1,-1,-1,-1
804,62,435.306,415.990,46.578,64.010,1,-1,-1,-1
805,48,149.791,-0.001,211.197,185.141,1,-1,-1,-1
805,58,420.320,122.705,176.752,183.834,1,-1,-1,-1
805,59,380.213,206.024,52.600,60.682,1,-1,-1,-1
805,61,674.203,197.178,97.735,67.907,1,-1,-1,-1
805,62,434.533,416.114,46.488,63.886,1,-1,-1,-1
806,48,144.094,-0.001,214.866,189.078,1,-1,-1,-1
806,58,423.430,134.114,256.011,267.984,1,-1,-1,-1
806,59,377.337,207.251,52.144,60.155,1,-1,-1,-1
806,61,670.354,197.533,101.113,70.254,1,-1,-1,-1
806,62,433.761,416.239,46.397,63.761,1,-1,-1,-1
807,48,140.743,-0.001,211.565,185.920,1,-1,-1,-1
807,58,425.520,130.668,242.080,249.525,1,-1,-1,-1
807,59,374.461,208.478,51.687,59.628,1,-1,-1,-1
807,61,666.504,197.888,104.491,72.602,1,-1,-1,-1
807,62,432.988,416.363,46.307,63.637,1,-1,-1,-1
808,48,133.033,-0.001,213.913,188.314,1,-1,-1,-1
808,58,427.834,131.534,233.171,237.025,1,-1,-1,-1
808,59,371.584,209.705,51.230,59.101,1,-1,-1,-1
808,61,662.655,198.243,107.869,74.949,1,-1,-1,-1
808,62,432.215,416.487,46.216,63.513,1,-1,-1,-1
809,48,124.769,-0.001,217.948,192.644,1,-1,-1,-1
809,58,427.005,133.136,225.939,226.752,1,-1,-1,-1
809,59,368.708,210.931,50.774,58.575,1,-1,-1,-1
809,61,658.805,198.598,111.247,77.296,1,-1,-1,-1
809,62,431.443,416.612,46.126,63.388,1,-1,-1,-1
810,48,113.799,-0.001,222.921,197.700,1,-1,-1,-1
810,58,420.412,133.910,227.901,224.907,1,-1,-1,-1
810,59,365.832,212.158,50.317,58.048,1,-1,-1,-1
810,61,654.956,198.953,114.625,79.643,1,-1,-1,-1
810,62,430.670,416.736,46.035,63.264,1,-1,-1,-1
811,48,110.292,-0.001,223.073,198.435,1,-1,-1,-1
811,58,417.452,134.299,229.906,223.922,1,-1,-1,-1
811,59,362.956,213.385,49.860,57.521,1,-1,-1,-1
811,61,651.106,199.308,118.004,81.990,1,-1,-1,-1
811,62,429.897,416.861,45.945,63.139,1,-1,-1,-1
812,48,103.529,-0.001,225.547,201.829,1,-1,-1,-1
812,58,420.110,134.458,217.056,206.603,1,-1,-1,-1
812,59,360.080,214.612,49.403,56.994,1,-1,-1,-1
812,61,647.257,199.663,121.382,84.337,1,-1,-1,-1
812,62,429.125,416.985,45.854,63.015,1,-1,-1,-1
813,48,98.697,-0.000,221.315,198.044,1,-1,-1,-1
813,58,409.772,135.885,222.709,208.896,1,-1,-1,-1
813,59,357.204,215.839,48.947,56.467,1,-1,-1,-1
813,61,643.408,200.018,124.760,86.685,1,-1,-1,-1
813,62,428.352,417.110,45.763,62.890,1,-1,-1,-1
814,48,91.414,-0.000,219.385,195.921,1,-1,-1,-1
814,58,404.288,138.156,215.159,197.599,1,-1,-1,-1
814,59,354.328,217.065,48.490,55.940,1,-1,-1,-1
814,62,427.579,417.234,45.673,62.766,1,-1,-1,-1
815,48,84.130,-0.000,218.342,194.775,1,-1,-1,-1
815,58,399.035,142.611,211.761,190.765,1,-1,-1,-1
815,59,351.452,218.292,48.033,55.413,1,-1,-1,-1
816,48,64.213,-0.000,240.591,216.945,1,-1,-1,-1
816,58,391.399,144.816,213.441,190.940,1,-1,-1,-1
816,59,348.576,219.519,47.576,54.887,1,-1,-1,-1
817,48,58.559,-0.000,245.509,223.333,1,-1,-1,-1
817,58,388.619,145.544,214.641,190.830,1,-1,-1,-1
817,59,345.700,220.746,47.120,54.360,1,-1,-1,-1
818,48,45.222,-0.000,250.385,229.931,1,-1,-1,-1
818,58,380.442,149.141,212.055,186.225,1,-1,-1,-1
818,59,342.824,221.973,46.663,53.833,1,-1,-1,-1
