3,1,565.736,127.161,282.789,319.229,1,-1,-1,-1
4,1,568.465,125.381,275.747,310.345,1,-1,-1,-1
5,1,568.592,125.332,275.806,309.486,1,-1,-1,-1
6,1,562.857,125.137,280.343,313.268,1,-1,-1,-1
7,1,563.712,124.959,284.127,317.027,1,-1,-1,-1
8,1,549.458,126.467,302.678,337.882,1,-1,-1,-1
9,1,547.440,128.531,288.932,318.391,1,-1,-1,-1
10,1,550.048,128.935,277.844,301.251,1,-1,-1,-1
11,1,549.668,128.509,274.213,292.018,1,-1,-1,-1
12,1,545.555,127.411,280.366,294.219,1,-1,-1,-1
13,1,546.510,125.455,280.283,289.495,1,-1,-1,-1
14,1,539.500,121.187,288.788,294.099,1,-1,-1,-1
15,1,538.697,120.367,286.688,291.960,1,-1,-1,-1
16,1,537.894,119.547,284.587,289.821,1,-1,-1,-1
17,1,537.090,118.727,282.487,287.682,1,-1,-1,-1
18,1,537.427,111.236,292.138,292.485,1,-1,-1,-1
19,1,542.188,110.206,285.872,280.230,1,-1,-1,-1
20,1,541.748,109.202,288.595,278.207,1,-1,-1,-1
21,1,540.284,108.333,292.898,278.676,1,-1,-1,-1
22,1,535.829,107.696,301.888,284.786,1,-1,-1,-1
23,1,533.890,106.933,304.696,284.734,1,-1,-1,-1
24,1,532.843,105.332,305.323,282.459,1,-1,-1,-1
25,1,524.340,99.999,311.779,286.068,1,-1,-1,-1
26,1,522.389,96.971,310.853,282.296,1,-1,-1,-1
27,1,518.956,96.350,314.795,283.616,1,-1,-1,-1
28,1,514.316,96.031,322.442,289.142,1,-1,-1,-1
29,1,508.065,94.306,327.349,291.858,1,-1,-1,-1
30,1,506.482,92.728,327.639,292.116,1,-1,-1,-1
31,1,485.585,93.321,319.558,284.351,1,-1,-1,-1
32,1,482.088,95.125,310.723,274.360,1,-1,-1,-1
33,1,480.054,97.122,310.435,271.295,1,-1,-1,-1
34,1,473.850,97.905,320.537,277.583,1,-1,-1,-1
35,1,469.411,97.046,324.969,277.104,1,-1,-1,-1
36,1,464.868,98.538,326.994,274.249,1,-1,-1,-1
37,1,464.171,101.088,332.972,273.682,1,-1,-1,-1
38,1,465.614,106.951,332.414,266.054,1,-1,-1,-1
39,1,490.715,109.700,319.480,255.332,1,-1,-1,-1
40,1,509.182,121.483,309.925,245.148,1,-1,-1,-1
41,1,514.352,125.652,308.468,241.605,1,-1,-1,-1
42,1,511.752,127.843,312.958,243.109,1,-1,-1,-1
43,1,509.080,127.026,317.538,244.569,1,-1,-1,-1
44,1,505.982,124.603,322.195,246.339,1,-1,-1,-1
45,1,500.977,119.170,316.330,240.305,1,-1,-1,-1
46,1,498.563,121.009,324.344,245.403,1,-1,-1,-1
47,1,492.238,120.049,330.251,248.971,1,-1,-1,-1
48,1,492.231,112.993,324.997,243.695,1,-1,-1,-1
49,1,453.381,112.398,338.575,247.671,1,-1,-1,-1
50,1,464.245,109.383,331.709,242.367,1,-1,-1,-1
51,1,469.411,108.549,326.677,238.437,1,-1,-1,-1
52,1,469.136,106.305,328.060,238.911,1,-1,-1,-1
53,1,434.395,109.860,348.948,251.207,1,-1,-1,-1
54,1,447.848,105.249,343.021,248.114,1,-1,-1,-1
55,1,452.934,102.481,340.020,246.768,1,-1,-1,-1
56,1,460.017,100.673,334.014,243.239,1,-1,-1,-1
57,1,450.620,102.176,349.420,252.767,1,-1,-1,-1
58,1,431.653,100.427,336.027,243.490,1,-1,-1,-1
59,1,416.196,98.500,334.190,244.385,1,-1,-1,-1
60,1,420.281,99.693,336.031,245.651,1,-1,-1,-1
61,1,449.042,98.245,341.000,251.500,1,-1,-1,-1
62,1,458.808,99.846,340.723,252.638,1,-1,-1,-1
63,1,463.083,103.470,337.069,249.379,1,-1,-1,-1
64,1,464.030,106.579,335.412,247.500,1,-1,-1,-1
65,1,463.559,108.056,335.534,247.398,1,-1,-1,-1
66,1,451.625,110.483,344.948,253.019,1,-1,-1,-1
67,1,447.922,109.717,351.021,255.768,1,-1,-1,-1
68,1,445.471,108.952,355.125,257.168,1,-1,-1,-1
69,1,447.652,109.611,355.493,255.593,1,-1,-1,-1
70,1,446.323,108.414,358.545,255.554,1,-1,-1,-1
71,1,441.338,108.299,361.319,255.393,1,-1,-1,-1
72,1,437.794,107.440,367.456,257.883,1,-1,-1,-1
73,1,432.241,107.029,372.356,259.157,1,-1,-1,-1
74,1,429.129,107.601,375.127,258.875,1,-1,-1,-1
75,1,430.464,108.334,376.034,257.849,1,-1,-1,-1
76,1,433.259,109.406,378.356,257.192,1,-1,-1,-1
77,1,418.990,110.364,373.414,256.125,1,-1,-1,-1
78,1,419.227,111.155,366.217,256.266,1,-1,-1,-1
79,1,415.234,111.948,365.874,258.923,1,-1,-1,-1
80,1,412.672,112.359,366.507,259.368,1,-1,-1,-1
81,1,410.110,112.771,367.140,259.814,1,-1,-1,-1
82,1,407.548,113.183,367.773,260.260,1,-1,-1,-1
83,1,404.986,113.594,368.407,260.706,1,-1,-1,-1
84,1,402.424,114.006,369.040,261.152,1,-1,-1,-1
85,1,399.862,114.417,369.673,261.598,1,-1,-1,-1
86,1,397.300,114.829,370.306,262.043,1,-1,-1,-1
87,1,394.738,115.241,370.939,262.489,1,-1,-1,-1
88,1,392.176,115.652,371.572,262.935,1,-1,-1,-1
89,1,389.614,116.064,372.206,263.381,1,-1,-1,-1
90,1,387.052,116.475,372.839,263.827,1,-1,-1,-1
91,1,431.166,107.444,335.928,245.179,1,-1,-1,-1
92,1,442.617,107.852,319.074,237.944,1,-1,-1,-1
93,1,442.767,108.135,316.567,239.561,1,-1,-1,-1
94,1,438.325,106.843,313.212,238.376,1,-1,-1,-1
95,1,432.531,109.082,304.705,234.089,1,-1,-1,-1
96,1,434.746,109.793,296.615,229.231,1,-1,-1,-1
97,1,445.544,109.357,289.750,225.343,1,-1,-1,-1
98,1,447.296,111.053,283.306,220.800,1,-1,-1,-1
99,1,420.884,104.053,296.662,227.679,1,-1,-1,-1
100,1,410.932,101.753,302.485,228.073,1,-1,-1,-1
101,1,430.316,101.646,296.797,223.646,1,-1,-1,-1
102,1,422.281,98.733,311.929,234.958,1,-1,-1,-1
103,1,414.227,95.836,332.932,253.457,1,-1,-1,-1
104,1,383.210,87.542,342.567,256.492,1,-1,-1,-1
105,1,369.842,86.924,345.307,254.811,1,-1,-1,-1
106,1,364.746,88.569,343.448,249.446,1,-1,-1,-1
107,1,379.932,93.193,361.431,266.806,1,-1,-1,-1
108,1,376.592,92.365,365.174,269.567,1,-1,-1,-1
109,1,379.797,93.803,369.396,277.546,1,-1,-1,-1
110,1,381.910,90.808,370.352,284.508,1,-1,-1,-1
111,1,383.447,89.419,367.313,288.202,1,-1,-1,-1
112,1,392.692,88.432,358.740,288.751,1,-1,-1,-1
113,1,394.596,88.592,349.805,287.449,1,-1,-1,-1
114,1,410.222,92.014,320.222,267.169,1,-1,-1,-1
115,1,413.587,94.789,312.169,265.147,1,-1,-1,-1
116,1,419.870,96.403,297.523,255.924,1,-1,-1,-1
117,1,421.815,95.965,292.747,255.545,1,-1,-1,-1
118,1,418.930,96.203,296.306,263.090,1,-1,-1,-1
119,1,417.332,94.824,297.010,268.161,1,-1,-1,-1
120,1,412.264,92.492,301.041,276.268,1,-1,-1,-1
121,1,423.320,91.628,296.486,279.075,1,-1,-1,-1
122,1,421.116,89.071,294.211,281.865,1,-1,-1,-1
123,1,415.457,88.022,292.365,283.141,1,-1,-1,-1
124,1,400.566,87.057,291.965,281.929,1,-1,-1,-1
125,1,392.774,85.561,292.815,281.712,1,-1,-1,-1
126,1,391.880,84.858,288.483,275.639,1,-1,-1,-1
127,1,390.318,83.455,289.580,275.438,1,-1,-1,-1
128,1,393.058,82.314,287.559,272.907,1,-1,-1,-1
129,1,390.926,79.804,288.186,272.547,1,-1,-1,-1
130,1,389.295,77.295,289.402,273.272,1,-1,-1,-1
131,1,385.897,73.718,292.615,276.133,1,-1,-1,-1
132,1,381.767,73.926,292.927,275.189,1,-1,-1,-1
133,1,378.092,71.813,293.653,274.251,1,-1,-1,-1
134,1,371.874,69.712,295.468,273.914,1,-1,-1,-1
135,1,377.640,68.967,297.271,276.575,1,-1,-1,-1
136,1,390.728,68.588,290.765,272.966,1,-1,-1,-1
137,1,379.790,67.614,293.459,273.812,1,-1,-1,-1
138,1,380.340,68.027,285.143,261.717,1,-1,-1,-1
139,1,375.586,66.296,291.123,266.897,1,-1,-1,-1
140,1,358.048,66.163,302.240,275.211,1,-1,-1,-1
141,1,355.383,65.316,299.546,270.086,1,-1,-1,-1
142,1,363.500,65.703,286.967,255.844,1,-1,-1,-1
143,1,366.728,68.114,283.905,250.038,1,-1,-1,-1
144,1,363.535,68.932,286.155,249.035,1,-1,-1,-1
145,1,365.316,69.344,287.670,248.856,1,-1,-1,-1
146,1,378.473,67.814,287.293,250.965,1,-1,-1,-1
147,1,365.844,69.106,290.046,251.760,1,-1,-1,-1
148,1,378.093,67.437,283.775,247.753,1,-1,-1,-1
149,1,384.511,68.006,279.886,245.812,1,-1,-1,-1
150,1,381.877,70.233,278.899,245.950,1,-1,-1,-1
151,1,380.112,69.162,279.429,247.592,1,-1,-1,-1
152,1,367.428,73.408,280.838,247.193,1,-1,-1,-1
153,1,362.650,76.896,277.411,241.402,1,-1,-1,-1
154,1,356.067,77.926,284.838,246.590,1,-1,-1,-1
155,1,362.284,74.880,289.579,252.609,1,-1,-1,-1
156,1,368.026,73.737,288.525,254.292,1,-1,-1,-1
157,1,368.976,72.800,288.871,257.011,1,-1,-1,-1
158,1,364.340,73.417,294.415,264.542,1,-1,-1,-1
159,1,363.077,76.874,295.472,268.014,1,-1,-1,-1
160,1,368.362,83.121,287.120,262.480,1,-1,-1,-1
161,1,368.697,85.650,286.108,264.404,1,-1,-1,-1
162,1,369.799,87.175,284.089,265.476,1,-1,-1,-1
163,1,370.625,87.603,279.906,263.595,1,-1,-1,-1
164,1,371.440,88.199,275.269,261.042,1,-1,-1,-1
165,1,368.960,88.266,276.651,264.450,1,-1,-1,-1
166,1,368.091,88.126,276.023,265.562,1,-1,-1,-1
167,1,364.392,87.823,277.446,268.543,1,-1,-1,-1
168,1,360.412,86.861,280.222,273.006,1,-1,-1,-1
169,1,358.679,86.627,277.750,272.072,1,-1,-1,-1
170,1,353.635,82.604,283.239,279.106,1,-1,-1,-1
171,1,351.257,79.651,284.087,281.171,1,-1,-1,-1
172,1,330.020,74.556,293.468,287.829,1,-1,-1,-1
173,1,315.425,69.414,305.157,299.095,1,-1,-1,-1
174,1,311.763,66.848,303.587,295.600,1,-1,-1,-1
175,1,315.311,64.954,293.917,285.973,1,-1,-1,-1
176,1,318.378,63.832,290.395,281.988,1,-1,-1,-1
177,1,337.553,60.393,288.842,274.692,1,-1,-1,-1
178,1,340.893,58.481,302.716,284.542,1,-1,-1,-1
179,1,341.013,56.831,303.768,285.537,1,-1,-1,-1
180,1,341.132,55.180,304.820,286.532,1,-1,-1,-1
181,1,337.128,43.699,311.696,291.907,1,-1,-1,-1
182,1,332.447,42.607,318.377,298.396,1,-1,-1,-1
183,1,321.494,41.271,331.851,313.929,1,-1,-1,-1
184,1,320.124,43.428,332.142,316.203,1,-1,-1,-1
185,1,317.535,44.142,334.273,320.572,1,-1,-1,-1
186,1,315.429,42.488,337.753,323.918,1,-1,-1,-1
187,1,313.324,40.834,341.234,327.264,1,-1,-1,-1
188,1,307.260,40.688,337.124,326.260,1,-1,-1,-1
189,1,306.420,39.609,336.311,329.122,1,-1,-1,-1
190,1,309.991,39.437,332.261,328.461,1,-1,-1,-1
191,1,313.349,39.235,329.382,329.117,1,-1,-1,-1
192,1,311.625,38.009,331.755,331.499,1,-1,-1,-1
193,1,319.174,38.783,328.068,330.672,1,-1,-1,-1
194,1,318.249,37.758,330.099,332.732,1,-1,-1,-1
195,1,321.531,38.949,323.004,327.574,1,-1,-1,-1
196,1,320.932,38.146,324.310,328.910,1,-1,-1,-1
197,1,320.334,37.343,325.616,330.246,1,-1,-1,-1
198,1,316.237,39.225,314.198,323.659,1,-1,-1,-1
199,1,316.299,39.155,308.220,322.390,1,-1,-1,-1
200,1,317.490,39.194,302.961,321.227,1,-1,-1,-1
201,1,319.211,38.587,300.958,323.029,1,-1,-1,-1
202,1,324.600,38.954,300.501,324.255,1,-1,-1,-1
203,1,324.127,38.594,300.926,324.730,1,-1,-1,-1
204,1,323.654,38.234,301.351,325.205,1,-1,-1,-1
205,1,344.041,41.419,300.133,318.906,1,-1,-1,-1
206,1,345.869,43.794,303.491,316.518,1,-1,-1,-1
207,1,346.000,47.107,307.386,315.243,1,-1,-1,-1
208,1,348.007,49.846,310.275,313.356,1,-1,-1,-1
209,1,349.670,50.972,311.966,311.385,1,-1,-1,-1
210,1,351.958,57.883,309.902,305.191,1,-1,-1,-1
211,1,354.627,60.542,308.997,300.078,1,-1,-1,-1
212,1,348.650,59.246,311.510,300.832,1,-1,-1,-1
213,1,350.743,60.585,309.882,299.267,1,-1,-1,-1
214,1,324.607,47.364,320.573,313.688,1,-1,-1,-1
215,1,333.267,42.107,278.402,270.645,1,-1,-1,-1
216,1,327.164,38.127,316.493,309.118,1,-1,-1,-1
217,1,313.279,33.077,327.498,324.631,1,-1,-1,-1
218,1,310.653,31.440,329.999,327.120,1,-1,-1,-1
219,1,296.758,28.694,329.212,331.924,1,-1,-1,-1
220,1,314.362,29.295,284.361,281.460,1,-1,-1,-1
221,1,295.116,32.668,312.461,312.016,1,-1,-1,-1
222,1,291.429,33.996,319.273,320.691,1,-1,-1,-1
223,1,289.328,34.723,321.261,324.662,1,-1,-1,-1
224,1,287.014,35.331,324.917,330.305,1,-1,-1,-1
225,1,285.269,36.033,325.649,332.697,1,-1,-1,-1
226,1,282.746,36.278,325.836,334.309,1,-1,-1,-1
227,1,275.912,36.452,325.621,335.533,1,-1,-1,-1
228,1,272.730,37.333,325.296,336.187,1,-1,-1,-1
229,1,285.425,72.873,295.921,300.747,1,-1,-1,-1
230,1,286.800,84.412,289.821,290.873,1,-1,-1,-1
231,1,283.775,83.080,293.390,291.865,1,-1,-1,-1
232,1,283.429,86.041,293.761,289.395,1,-1,-1,-1
233,1,281.891,85.113,297.305,290.516,1,-1,-1,-1
234,1,276.102,77.049,306.158,298.048,1,-1,-1,-1
235,1,274.143,75.097,309.477,300.063,1,-1,-1,-1
236,1,270.250,69.762,315.313,305.518,1,-1,-1,-1
237,1,264.475,72.263,311.977,300.959,1,-1,-1,-1
238,1,270.199,74.524,310.923,298.838,1,-1,-1,-1
239,1,273.971,78.235,308.079,294.759,1,-1,-1,-1
240,1,275.572,80.848,307.069,292.439,1,-1,-1,-1
241,1,278.267,82.986,304.362,288.160,1,-1,-1,-1
242,1,278.336,83.262,305.100,287.782,1,-1,-1,-1
243,1,278.090,83.477,305.156,287.032,1,-1,-1,-1
244,1,285.622,80.292,309.509,292.287,1,-1,-1,-1
245,1,282.797,80.945,307.463,289.060,1,-1,-1,-1
246,1,278.068,76.705,312.949,293.483,1,-1,-1,-1
247,1,298.847,75.797,321.921,294.561,1,-1,-1,-1
248,1,280.862,73.061,324.309,296.946,1,-1,-1,-1
249,1,275.102,72.532,323.816,296.641,1,-1,-1,-1
250,1,273.365,69.437,325.717,298.685,1,-1,-1,-1
251,1,273.244,66.111,328.394,302.203,1,-1,-1,-1
252,1,273.128,62.708,329.622,304.667,1,-1,-1,-1
253,1,275.383,63.771,325.415,301.275,1,-1,-1,-1
254,1,284.163,65.535,314.970,290.499,1,-1,-1,-1
255,1,284.948,64.799,316.577,291.557,1,-1,-1,-1
256,1,282.481,62.321,321.245,296.204,1,-1,-1,-1
257,1,282.960,61.468,321.270,296.231,1,-1,-1,-1
258,1,283.440,60.615,321.295,296.258,1,-1,-1,-1
259,1,283.919,59.762,321.320,296.285,1,-1,-1,-1
260,1,295.634,43.712,352.198,325.646,1,-1,-1,-1
261,1,299.126,42.200,353.192,325.643,1,-1,-1,-1
262,1,301.576,41.229,354.214,325.152,1,-1,-1,-1
263,1,306.890,44.477,354.429,321.021,1,-1,-1,-1
264,1,309.355,46.320,357.305,320.321,1,-1,-1,-1
265,1,312.598,48.397,359.984,319.254,1,-1,-1,-1
266,1,314.848,51.732,361.488,317.982,1,-1,-1,-1
267,1,305.387,55.104,358.022,316.824,1,-1,-1,-1
268,1,300.192,59.690,350.616,312.857,1,-1,-1,-1
269,1,298.723,82.868,326.166,293.439,1,-1,-1,-1
270,1,313.901,124.555,283.340,251.747,1,-1,-1,-1
271,1,305.751,112.405,298.455,266.710,1,-1,-1,-1
272,1,322.217,152.126,258.601,226.307,1,-1,-1,-1
273,1,321.921,164.557,254.274,220.075,1,-1,-1,-1
274,1,324.918,174.556,244.676,211.767,1,-1,-1,-1
275,1,317.992,154.877,271.468,233.421,1,-1,-1,-1
276,1,319.699,160.587,266.843,229.443,1,-1,-1,-1
277,1,310.304,139.687,291.711,251.607,1,-1,-1,-1
278,1,323.269,103.613,347.751,297.212,1,-1,-1,-1
279,1,307.058,97.279,353.633,305.512,1,-1,-1,-1
280,1,307.164,95.135,358.993,310.141,1,-1,-1,-1
281,1,292.387,84.696,363.237,318.671,1,-1,-1,-1
282,1,291.032,80.625,363.775,322.840,1,-1,-1,-1
283,1,289.576,79.227,362.248,325.682,1,-1,-1,-1
284,1,291.096,77.744,361.225,328.458,1,-1,-1,-1
285,1,288.247,76.214,357.238,327.717,1,-1,-1,-1
286,1,286.206,76.019,355.760,329.464,1,-1,-1,-1
287,1,285.866,75.915,353.571,330.341,1,-1,-1,-1
288,1,286.837,75.704,350.198,329.788,1,-1,-1,-1
289,1,292.978,76.429,346.627,328.941,1,-1,-1,-1
290,1,296.636,76.786,344.143,328.536,1,-1,-1,-1
291,1,300.970,78.896,341.452,326.822,1,-1,-1,-1
292,1,302.883,83.490,338.228,323.993,1,-1,-1,-1
293,1,315.424,129.913,293.061,274.362,1,-1,-1,-1
294,1,313.702,143.940,283.176,261.336,1,-1,-1,-1
295,1,313.584,152.107,273.773,248.798,1,-1,-1,-1
296,1,309.685,154.200,272.545,244.707,1,-1,-1,-1
297,1,307.205,153.570,273.439,243.286,1,-1,-1,-1
298,1,303.703,154.267,274.548,242.303,1,-1,-1,-1
299,1,302.193,156.786,274.228,239.811,1,-1,-1,-1
300,1,279.542,106.826,325.915,289.572,1,-1,-1,-1
301,1,276.591,103.706,328.907,292.231,1,-1,-1,-1
302,1,275.380,89.818,341.507,307.594,1,-1,-1,-1
303,1,289.062,116.981,314.249,281.310,1,-1,-1,-1
304,1,287.682,115.682,315.508,282.439,1,-1,-1,-1
305,1,286.303,114.382,316.767,283.568,1,-1,-1,-1
306,1,284.923,113.083,318.027,284.696,1,-1,-1,-1
307,1,283.543,111.783,319.286,285.825,1,-1,-1,-1
308,1,282.164,110.483,320.545,286.954,1,-1,-1,-1
309,1,280.784,109.184,321.805,288.083,1,-1,-1,-1
310,1,279.405,107.884,323.064,289.212,1,-1,-1,-1
311,1,278.025,106.585,324.323,290.340,1,-1,-1,-1
312,1,276.645,105.285,325.583,291.469,1,-1,-1,-1
313,1,275.266,103.985,326.842,292.598,1,-1,-1,-1
314,1,273.886,102.686,328.101,293.727,1,-1,-1,-1
315,1,272.507,101.386,329.361,294.856,1,-1,-1,-1
316,1,271.127,100.087,330.620,295.984,1,-1,-1,-1
317,1,269.748,98.787,331.879,297.113,1,-1,-1,-1
318,1,268.368,97.487,333.138,298.242,1,-1,-1,-1
319,1,266.988,96.188,334.397,299.371,1,-1,-1,-1
320,1,346.077,60.241,369.385,338.531,1,-1,-1,-1
321,1,352.875,57.465,366.344,339.855,1,-1,-1,-1
322,1,356.540,53.813,365.403,342.806,1,-1,-1,-1
323,1,357.426,54.531,362.803,343.034,1,-1,-1,-1
324,1,354.657,53.120,366.537,349.999,1,-1,-1,-1
325,1,356.123,50.255,367.248,352.579,1,-1,-1,-1
326,1,357.971,49.353,364.251,350.279,1,-1,-1,-1
327,1,357.122,49.436,364.576,351.015,1,-1,-1,-1
328,1,355.230,47.040,367.789,355.092,1,-1,-1,-1
329,1,357.727,46.782,364.972,352.360,1,-1,-1,-1
330,1,360.312,46.046,362.663,349.628,1,-1,-1,-1
331,1,364.230,45.669,356.616,341.948,1,-1,-1,-1
332,1,364.706,43.880,358.451,342.125,1,-1,-1,-1
333,1,357.160,44.866,359.475,343.590,1,-1,-1,-1
334,1,361.177,45.387,357.194,339.626,1,-1,-1,-1
335,1,364.211,45.814,355.946,336.819,1,-1,-1,-1
336,1,356.195,47.718,347.844,330.829,1,-1,-1,-1
337,1,361.352,49.684,347.426,329.648,1,-1,-1,-1
338,1,355.166,52.773,360.996,343.812,1,-1,-1,-1
339,1,361.722,137.081,271.146,254.714,1,-1,-1,-1
340,1,356.658,157.542,245.427,229.507,1,-1,-1,-1
341,1,349.722,161.308,245.786,229.389,1,-1,-1,-1
342,1,348.780,170.984,235.633,219.917,1,-1,-1,-1
343,1,347.838,180.660,225.480,210.444,1,-1,-1,-1
344,1,346.896,190.336,215.327,200.972,1,-1,-1,-1
345,1,345.954,200.011,205.175,191.500,1,-1,-1,-1
346,1,345.011,209.687,195.023,182.028,1,-1,-1,-1
347,1,344.068,219.363,184.871,172.555,1,-1,-1,-1
348,1,343.125,229.039,174.720,163.083,1,-1,-1,-1
349,1,342.182,238.715,164.569,153.611,1,-1,-1,-1
350,1,341.239,248.391,154.418,144.139,1,-1,-1,-1
350,6,351.657,77.630,304.615,307.766,1,-1,-1,-1
351,1,340.296,258.067,144.268,134.666,1,-1,-1,-1
351,6,344.445,78.442,307.312,311.094,1,-1,-1,-1
352,1,339.352,267.743,134.118,125.194,1,-1,-1,-1
352,6,339.263,78.056,313.112,318.244,1,-1,-1,-1
353,1,338.408,277.418,123.969,115.722,1,-1,-1,-1
353,6,375.325,177.819,216.605,213.821,1,-1,-1,-1
354,1,337.464,287.094,113.819,106.250,1,-1,-1,-1
354,6,347.887,100.811,297.158,295.343,1,-1,-1,-1
355,1,336.520,296.770,103.671,96.777,1,-1,-1,-1
355,6,344.601,87.252,310.422,310.765,1,-1,-1,-1
356,1,335.576,306.446,93.522,87.305,1,-1,-1,-1
356,6,343.381,81.976,316.639,319.226,1,-1,-1,-1
357,1,334.631,316.122,83.374,77.833,1,-1,-1,-1
357,6,343.750,80.363,315.713,320.091,1,-1,-1,-1
358,1,333.687,325.798,73.226,68.361,1,-1,-1,-1
358,6,357.675,83.856,310.551,316.508,1,-1,-1,-1
359,1,332.742,335.474,63.079,58.888,1,-1,-1,-1
359,6,364.139,86.919,306.654,314.039,1,-1,-1,-1
360,1,331.797,345.149,52.931,49.416,1,-1,-1,-1
360,6,355.984,82.594,304.217,313.117,1,-1,-1,-1
361,1,330.852,354.825,42.785,39.944,1,-1,-1,-1
361,6,350.000,82.293,307.483,318.897,1,-1,-1,-1
362,6,351.735,80.293,304.318,317.400,1,-1,-1,-1
363,6,353.900,79.244,300.388,314.811,1,-1,-1,-1
364,6,369.791,95.709,283.040,294.990,1,-1,-1,-1
365,6,376.001,102.178,274.995,284.988,1,-1,-1,-1
366,6,364.084,85.809,288.975,301.335,1,-1,-1,-1
367,6,375.402,98.061,276.819,286.438,1,-1,-1,-1
368,6,379.458,103.827,268.899,276.243,1,-1,-1,-1
369,6,378.985,105.772,270.793,276.804,1,-1,-1,-1
370,6,379.024,105.479,273.170,277.711,1,-1,-1,-1
371,6,382.319,106.408,269.939,272.306,1,-1,-1,-1
372,6,383.905,108.831,266.383,266.120,1,-1,-1,-1
373,6,400.948,160.248,217.552,208.154,1,-1,-1,-1
374,6,383.828,127.161,256.966,245.531,1,-1,-1,-1
375,6,384.621,109.476,270.227,256.895,1,-1,-1,-1
376,6,383.241,98.459,281.652,267.327,1,-1,-1,-1
377,6,382.628,93.443,285.680,270.472,1,-1,-1,-1
378,6,382.961,91.013,288.818,272.273,1,-1,-1,-1
379,6,383.446,85.869,287.799,270.456,1,-1,-1,-1
380,6,385.015,83.842,286.702,268.906,1,-1,-1,-1
381,6,387.753,85.078,281.830,263.013,1,-1,-1,-1
382,6,373.053,92.277,284.303,259.891,1,-1,-1,-1
383,6,366.424,96.093,290.721,262.388,1,-1,-1,-1
384,6,360.025,95.091,299.595,267.979,1,-1,-1,-1
385,6,358.925,94.984,300.996,267.097,1,-1,-1,-1
386,6,358.244,95.170,303.643,268.570,1,-1,-1,-1
387,6,358.318,94.609,305.662,269.868,1,-1,-1,-1
388,6,362.386,95.979,301.713,265.229,1,-1,-1,-1
389,6,363.077,97.798,302.148,265.642,1,-1,-1,-1
390,6,366.779,99.959,301.804,265.032,1,-1,-1,-1
391,6,379.863,126.093,272.850,236.004,1,-1,-1,-1
392,6,381.863,129.067,269.135,232.790,1,-1,-1,-1
393,6,383.864,132.041,265.420,229.576,1,-1,-1,-1
394,6,385.865,135.014,261.706,226.362,1,-1,-1,-1
395,6,394.015,143.423,249.480,211.433,1,-1,-1,-1
396,6,396.991,146.975,244.218,206.973,1,-1,-1,-1
397,6,399.967,150.528,238.956,202.512,1,-1,-1,-1
398,6,393.268,148.880,241.968,200.005,1,-1,-1,-1
399,6,385.895,144.756,253.183,206.145,1,-1,-1,-1
400,6,387.223,146.825,249.577,203.208,1,-1,-1,-1
401,6,390.506,159.933,238.746,188.689,1,-1,-1,-1
402,6,399.291,175.766,222.764,168.718,1,-1,-1,-1
403,6,396.011,175.591,226.893,166.765,1,-1,-1,-1
404,6,374.636,147.618,273.043,201.263,1,-1,-1,-1
405,6,362.623,135.779,294.476,218.707,1,-1,-1,-1
406,6,356.748,130.663,306.067,229.140,1,-1,-1,-1
407,6,358.476,130.072,302.426,227.076,1,-1,-1,-1
408,6,361.994,132.568,292.982,219.698,1,-1,-1,-1
409,6,338.776,86.972,338.825,258.712,1,-1,-1,-1
410,6,332.518,71.796,349.184,271.112,1,-1,-1,-1
411,6,330.719,66.646,351.414,277.095,1,-1,-1,-1
412,6,334.862,81.364,337.603,269.645,1,-1,-1,-1
413,6,335.709,86.481,331.587,267.814,1,-1,-1,-1
414,6,336.702,90.075,326.657,266.514,1,-1,-1,-1
415,6,339.034,91.187,323.187,266.016,1,-1,-1,-1
416,6,341.917,75.464,320.862,266.451,1,-1,-1,-1
417,6,344.401,67.668,318.432,266.392,1,-1,-1,-1
418,6,340.431,64.200,327.782,276.920,1,-1,-1,-1
419,6,341.710,63.058,324.607,276.336,1,-1,-1,-1
420,6,340.809,61.627,325.198,279.337,1,-1,-1,-1
421,6,340.737,59.033,322.621,279.366,1,-1,-1,-1
422,6,341.021,50.787,325.523,284.761,1,-1,-1,-1
423,6,339.666,46.984,327.799,289.712,1,-1,-1,-1
424,6,333.633,41.860,328.786,292.730,1,-1,-1,-1
425,6,329.327,39.706,330.130,295.974,1,-1,-1,-1
426,6,329.267,38.585,328.195,295.798,1,-1,-1,-1
427,6,336.150,57.347,318.602,287.596,1,-1,-1,-1
428,6,341.429,64.302,307.097,276.809,1,-1,-1,-1
429,6,344.691,68.704,298.989,268.391,1,-1,-1,-1
430,6,347.093,71.986,295.534,263.909,1,-1,-1,-1
431,6,345.918,73.359,295.084,262.147,1,-1,-1,-1
432,6,345.297,71.736,295.683,261.843,1,-1,-1,-1
433,6,342.782,69.426,297.572,263.151,1,-1,-1,-1
434,6,339.744,67.662,299.857,264.721,1,-1,-1,-1
435,6,337.458,66.483,299.389,263.267,1,-1,-1,-1
436,6,327.015,65.691,301.982,263.561,1,-1,-1,-1
437,6,324.744,65.299,304.428,264.140,1,-1,-1,-1
438,6,329.204,64.980,304.676,264.288,1,-1,-1,-1
439,6,334.398,65.842,303.244,262.660,1,-1,-1,-1
440,6,325.814,64.864,307.452,265.679,1,-1,-1,-1
441,6,322.758,63.735,307.118,264.710,1,-1,-1,-1
442,6,314.636,63.161,311.767,266.844,1,-1,-1,-1
443,6,310.971,64.031,311.803,264.479,1,-1,-1,-1
444,6,325.018,101.244,274.297,226.091,1,-1,-1,-1
445,6,312.546,82.742,301.343,246.548,1,-1,-1,-1
446,6,320.167,107.973,273.934,218.175,1,-1,-1,-1
447,6,324.009,119.325,267.444,208.949,1,-1,-1,-1
448,6,320.039,121.347,270.076,207.160,1,-1,-1,-1
449,6,314.861,121.043,273.965,206.373,1,-1,-1,-1
450,6,308.796,121.471,278.092,206.365,1,-1,-1,-1
451,6,305.575,123.344,280.259,205.130,1,-1,-1,-1
452,6,301.810,123.381,284.132,205.869,1,-1,-1,-1
453,6,297.564,124.392,289.673,207.948,1,-1,-1,-1
454,6,293.700,125.922,292.958,208.588,1,-1,-1,-1
455,6,286.796,126.612,299.710,212.110,1,-1,-1,-1
456,6,281.258,126.170,304.085,214.439,1,-1,-1,-1
457,6,285.310,130.338,299.697,210.159,1,-1,-1,-1
458,6,256.913,64.392,380.934,275.624,1,-1,-1,-1
459,6,267.385,95.611,339.501,244.814,1,-1,-1,-1
460,6,273.677,106.367,327.301,235.658,1,-1,-1,-1
461,6,271.109,105.147,330.197,237.739,1,-1,-1,-1
462,6,271.552,118.086,314.605,226.488,1,-1,-1,-1
463,6,270.149,119.389,312.576,225.357,1,-1,-1,-1
464,6,270.037,118.557,314.310,226.763,1,-1,-1,-1
465,6,266.198,62.101,386.179,281.388,1,-1,-1,-1
466,6,274.996,105.207,331.178,240.330,1,-1,-1,-1
467,6,271.620,117.725,315.512,229.590,1,-1,-1,-1
468,6,272.376,119.213,312.776,228.504,1,-1,-1,-1
469,6,276.240,119.651,312.880,228.819,1,-1,-1,-1
470,6,277.078,120.105,312.345,229.115,1,-1,-1,-1
471,6,276.523,117.068,316.305,232.307,1,-1,-1,-1
472,6,277.886,117.642,317.135,232.888,1,-1,-1,-1
473,6,276.832,121.483,311.723,229.208,1,-1,-1,-1
474,6,278.690,127.620,301.806,221.971,1,-1,-1,-1
475,6,277.211,126.464,304.747,224.556,1,-1,-1,-1
476,6,275.249,119.174,317.236,234.054,1,-1,-1,-1
477,6,273.151,117.644,321.086,237.298,1,-1,-1,-1
478,6,264.939,121.319,316.429,236.507,1,-1,-1,-1
479,6,256.834,117.639,322.144,244.482,1,-1,-1,-1
480,6,255.181,114.826,327.249,251.955,1,-1,-1,-1
481,6,256.254,114.603,324.462,253.610,1,-1,-1,-1
482,6,259.259,116.122,320.005,253.294,1,-1,-1,-1
483,6,259.549,111.760,324.950,260.772,1,-1,-1,-1
484,6,257.911,111.183,323.918,263.731,1,-1,-1,-1
485,6,258.854,111.787,320.051,263.914,1,-1,-1,-1
486,6,261.043,113.122,314.279,262.085,1,-1,-1,-1
487,6,284.407,75.297,350.748,298.634,1,-1,-1,-1
488,6,286.347,59.065,365.392,314.743,1,-1,-1,-1
488,10,356.417,53.281,272.924,139.263,1,-1,-1,-1
489,6,274.848,49.737,371.743,324.775,1,-1,-1,-1
489,10,360.401,52.825,273.387,139.779,1,-1,-1,-1
490,6,279.659,46.740,371.412,326.624,1,-1,-1,-1
490,10,362.606,52.527,274.324,140.258,1,-1,-1,-1
491,6,272.609,42.424,371.089,330.223,1,-1,-1,-1
491,10,364.810,52.230,275.261,140.738,1,-1,-1,-1
492,6,278.003,41.018,370.678,331.623,1,-1,-1,-1
492,10,367.015,51.932,276.198,141.217,1,-1,-1,-1
493,6,281.988,39.767,371.879,334.754,1,-1,-1,-1
493,10,369.219,51.635,277.135,141.696,1,-1,-1,-1
494,6,283.039,39.315,370.190,334.894,1,-1,-1,-1
494,10,371.423,51.337,278.072,142.175,1,-1,-1,-1
495,6,281.905,39.279,368.859,335.069,1,-1,-1,-1
495,10,373.628,51.040,279.010,142.654,1,-1,-1,-1
496,6,276.882,37.139,369.868,338.141,1,-1,-1,-1
496,10,375.832,50.742,279.947,143.133,1,-1,-1,-1
497,6,279.478,35.339,370.625,340.291,1,-1,-1,-1
497,10,378.037,50.445,280.884,143.613,1,-1,-1,-1
498,6,280.438,34.638,369.773,340.220,1,-1,-1,-1
498,10,380.241,50.147,281.821,144.092,1,-1,-1,-1
499,6,280.885,34.238,368.621,339.591,1,-1,-1,-1
499,10,382.446,49.850,282.758,144.571,1,-1,-1,-1
500,6,280.824,33.796,368.637,340.074,1,-1,-1,-1
500,10,384.650,49.552,283.695,145.050,1,-1,-1,-1
501,6,279.478,33.612,368.156,340.033,1,-1,-1,-1
501,10,386.855,49.255,284.632,145.529,1,-1,-1,-1
502,6,279.037,32.614,367.729,339.812,1,-1,-1,-1
502,10,389.059,48.957,285.570,146.008,1,-1,-1,-1
503,6,279.645,29.745,368.031,340.693,1,-1,-1,-1
503,10,391.264,48.660,286.507,146.488,1,-1,-1,-1
504,6,282.771,35.174,359.763,332.159,1,-1,-1,-1
504,10,393.468,48.362,287.444,146.967,1,-1,-1,-1
505,6,280.757,28.276,365.712,338.345,1,-1,-1,-1
505,10,395.673,48.065,288.381,147.446,1,-1,-1,-1
506,6,278.192,22.004,370.068,342.935,1,-1,-1,-1
506,10,397.877,47.767,289.318,147.925,1,-1,-1,-1
507,6,282.022,22.536,361.978,334.463,1,-1,-1,-1
507,10,400.082,47.470,290.255,148.404,1,-1,-1,-1
508,6,291.312,40.371,342.438,312.637,1,-1,-1,-1
508,10,402.286,47.172,291.193,148.883,1,-1,-1,-1
509,6,291.006,35.870,346.348,314.461,1,-1,-1,-1
509,10,404.491,46.875,292.130,149.363,1,-1,-1,-1
510,6,292.421,36.070,345.644,310.939,1,-1,-1,-1
511,6,294.670,34.733,345.175,307.817,1,-1,-1,-1
512,6,287.012,74.808,300.267,267.202,1,-1,-1,-1
513,6,291.630,50.793,327.877,289.023,1,-1,-1,-1
514,6,293.005,51.277,324.953,286.448,1,-1,-1,-1
515,6,273.822,57.434,322.729,286.969,1,-1,-1,-1
516,6,273.651,62.646,315.647,281.870,1,-1,-1,-1
517,6,285.071,76.996,303.936,266.715,1,-1,-1,-1
518,6,287.985,80.421,303.349,262.640,1,-1,-1,-1
519,6,293.190,93.127,287.379,247.015,1,-1,-1,-1
520,6,297.826,94.518,283.258,242.891,1,-1,-1,-1
521,6,303.927,99.484,280.420,238.606,1,-1,-1,-1
522,6,325.951,74.737,313.540,260.879,1,-1,-1,-1
523,6,331.934,75.032,311.674,259.326,1,-1,-1,-1
524,6,337.917,75.328,309.808,257.773,1,-1,-1,-1
525,6,329.418,65.114,339.100,274.406,1,-1,-1,-1
526,6,334.379,64.325,339.504,274.731,1,-1,-1,-1
527,6,301.123,77.016,330.457,269.721,1,-1,-1,-1
528,6,293.667,88.474,315.348,258.961,1,-1,-1,-1
529,6,292.948,86.068,321.836,265.210,1,-1,-1,-1
530,6,254.347,89.905,332.775,261.376,1,-1,-1,-1
531,6,273.902,93.642,325.723,258.200,1,-1,-1,-1
532,6,277.803,97.044,322.783,258.914,1,-1,-1,-1
533,6,282.687,99.368,321.874,260.233,1,-1,-1,-1
534,6,304.225,79.955,351.576,280.408,1,-1,-1,-1
535,6,304.930,72.775,368.622,289.541,1,-1,-1,-1
536,6,297.140,73.024,379.766,291.190,1,-1,-1,-1
537,6,266.699,77.623,399.623,292.013,1,-1,-1,-1
538,6,250.156,84.018,408.503,283.934,1,-1,-1,-1
539,6,230.094,83.938,422.797,280.687,1,-1,-1,-1
540,6,186.407,93.500,411.349,267.339,1,-1,-1,-1
541,6,162.035,97.225,396.909,257.204,1,-1,-1,-1
542,6,152.884,98.754,390.871,251.064,1,-1,-1,-1
543,6,141.285,95.014,393.013,249.356,1,-1,-1,-1
544,6,154.110,94.307,389.285,246.853,1,-1,-1,-1
545,6,161.205,96.983,380.515,240.199,1,-1,-1,-1
546,6,159.082,97.724,380.377,238.285,1,-1,-1,-1
547,6,159.702,97.746,383.114,240.578,1,-1,-1,-1
548,6,157.784,99.169,385.376,241.121,1,-1,-1,-1
549,6,153.260,97.996,397.039,248.070,1,-1,-1,-1
550,6,155.718,98.173,396.463,246.091,1,-1,-1,-1
551,6,158.576,96.401,391.058,240.497,1,-1,-1,-1
552,6,154.659,93.807,398.157,243.218,1,-1,-1,-1
553,6,148.717,94.788,412.947,252.420,1,-1,-1,-1
554,6,138.144,96.922,423.042,259.181,1,-1,-1,-1
555,6,131.002,99.258,429.284,264.771,1,-1,-1,-1
556,6,130.215,99.897,426.069,263.687,1,-1,-1,-1
556,16,262.480,85.909,506.710,269.420,1,-1,-1,-1
557,6,129.097,98.894,426.562,264.975,1,-1,-1,-1
557,16,259.315,88.158,501.307,266.531,1,-1,-1,-1
558,6,126.129,98.030,430.621,268.504,1,-1,-1,-1
558,16,259.169,89.846,501.390,266.575,1,-1,-1,-1
559,6,125.863,97.500,428.968,268.025,1,-1,-1,-1
559,16,271.468,88.990,480.427,257.366,1,-1,-1,-1
560,6,131.062,96.045,418.026,260.916,1,-1,-1,-1
560,16,273.661,90.115,476.684,255.361,1,-1,-1,-1
561,6,134.603,95.477,407.501,253.794,1,-1,-1,-1
561,16,275.853,91.240,472.941,253.355,1,-1,-1,-1
562,6,135.790,94.821,406.474,252.436,1,-1,-1,-1
562,16,278.045,92.365,469.198,251.350,1,-1,-1,-1
563,6,139.048,95.014,421.463,259.924,1,-1,-1,-1
563,16,280.237,93.490,465.455,249.345,1,-1,-1,-1
564,6,139.891,95.098,418.620,256.426,1,-1,-1,-1
564,16,282.430,94.615,461.712,247.340,1,-1,-1,-1
565,6,129.580,95.622,426.190,261.641,1,-1,-1,-1
565,16,284.622,95.740,457.969,245.335,1,-1,-1,-1
566,6,125.193,96.450,428.323,263.704,1,-1,-1,-1
566,16,286.814,96.864,454.226,243.330,1,-1,-1,-1
567,6,126.827,98.501,422.884,260.093,1,-1,-1,-1
567,16,289.007,97.989,450.483,241.325,1,-1,-1,-1
568,6,129.291,99.479,427.131,262.021,1,-1,-1,-1
568,16,291.199,99.114,446.740,239.320,1,-1,-1,-1
569,6,130.106,101.126,425.871,259.655,1,-1,-1,-1
569,16,293.391,100.239,442.997,237.314,1,-1,-1,-1
570,6,127.940,102.298,431.782,262.018,1,-1,-1,-1
570,16,295.583,101.364,439.254,235.309,1,-1,-1,-1
571,6,132.545,104.005,432.871,260.346,1,-1,-1,-1
571,16,297.776,102.489,435.511,233.304,1,-1,-1,-1
572,6,132.704,104.711,433.117,260.480,1,-1,-1,-1
572,16,299.968,103.614,431.768,231.299,1,-1,-1,-1
573,6,132.863,105.416,433.362,260.614,1,-1,-1,-1
573,16,302.160,104.739,428.025,229.294,1,-1,-1,-1
573,18,413.054,62.127,376.484,284.279,1,-1,-1,-1
574,6,133.022,106.122,433.608,260.749,1,-1,-1,-1
574,16,304.352,105.864,424.282,227.289,1,-1,-1,-1
574,18,406.867,57.691,390.678,296.583,1,-1,-1,-1
575,6,133.181,106.828,433.854,260.883,1,-1,-1,-1
575,16,306.545,106.989,420.539,225.284,1,-1,-1,-1
575,18,404.931,54.693,399.155,303.019,1,-1,-1,-1
576,6,133.340,107.533,434.100,261.017,1,-1,-1,-1
576,16,308.737,108.113,416.796,223.278,1,-1,-1,-1
576,18,402.996,51.695,407.632,309.454,1,-1,-1,-1
577,6,133.499,108.239,434.345,261.152,1,-1,-1,-1
577,16,310.929,109.238,413.053,221.273,1,-1,-1,-1
577,18,401.060,48.696,416.109,315.889,1,-1,-1,-1
578,6,133.658,108.945,434.591,261.286,1,-1,-1,-1
578,16,313.121,110.363,409.310,219.268,1,-1,-1,-1
578,18,399.124,45.698,424.586,322.324,1,-1,-1,-1
579,6,133.817,109.650,434.837,261.420,1,-1,-1,-1
579,16,315.314,111.488,405.567,217.263,1,-1,-1,-1
579,18,397.189,42.700,433.063,328.760,1,-1,-1,-1
580,6,133.976,110.356,435.083,261.555,1,-1,-1,-1
580,18,395.253,39.702,441.540,335.195,1,-1,-1,-1
581,6,134.135,111.061,435.329,261.689,1,-1,-1,-1
581,18,393.317,36.704,450.017,341.630,1,-1,-1,-1
582,6,134.294,111.767,435.574,261.823,1,-1,-1,-1
582,18,391.381,33.706,458.494,348.065,1,-1,-1,-1
583,6,134.453,112.473,435.820,261.958,1,-1,-1,-1
583,18,389.446,30.708,466.971,354.501,1,-1,-1,-1
583,19,475.267,0.000,338.427,360.678,1,-1,-1,-1
584,6,134.612,113.178,436.066,262.092,1,-1,-1,-1
584,18,387.510,27.709,475.448,360.936,1,-1,-1,-1
584,19,476.337,0.000,338.453,360.706,1,-1,-1,-1
585,6,134.771,113.884,436.312,262.226,1,-1,-1,-1
585,18,385.574,24.711,483.925,367.371,1,-1,-1,-1
585,19,477.407,0.000,338.480,360.735,1,-1,-1,-1
586,6,134.930,114.590,436.558,262.361,1,-1,-1,-1
586,18,383.638,21.713,492.402,373.807,1,-1,-1,-1
586,19,478.477,0.000,338.507,360.763,1,-1,-1,-1
587,6,135.088,115.295,436.804,262.495,1,-1,-1,-1
587,18,381.703,18.715,500.879,380.242,1,-1,-1,-1
587,19,479.547,0.000,338.533,360.791,1,-1,-1,-1
588,6,135.247,116.001,437.050,262.629,1,-1,-1,-1
588,18,379.767,15.717,509.356,386.677,1,-1,-1,-1
588,19,480.617,0.000,338.560,360.820,1,-1,-1,-1
589,6,135.406,116.707,437.296,262.763,1,-1,-1,-1
589,18,377.831,12.719,517.833,393.112,1,-1,-1,-1
589,19,481.687,0.000,338.587,360.848,1,-1,-1,-1
590,6,135.565,117.412,437.542,262.898,1,-1,-1,-1
590,18,375.896,9.721,526.309,399.548,1,-1,-1,-1
590,19,482.757,0.000,338.613,360.877,1,-1,-1,-1
591,6,135.724,118.118,437.788,263.032,1,-1,-1,-1
591,18,373.960,6.722,534.786,405.983,1,-1,-1,-1
591,19,483.827,0.000,338.640,360.905,1,-1,-1,-1
592,18,372.024,3.724,543.263,412.418,1,-1,-1,-1
592,19,484.897,0.000,338.667,360.934,1,-1,-1,-1
593,18,370.088,0.726,551.740,418.854,1,-1,-1,-1
593,19,485.967,0.000,338.693,360.962,1,-1,-1,-1
594,18,368.153,-2.272,560.217,425.289,1,-1,-1,-1
594,19,532.381,0.000,338.846,366.336,1,-1,-1,-1
595,19,538.055,0.000,334.844,367.279,1,-1,-1,-1
596,19,542.510,0.000,335.314,367.795,1,-1,-1,-1
597,19,546.966,0.000,335.784,368.310,1,-1,-1,-1
598,19,551.422,0.000,336.254,368.826,1,-1,-1,-1
599,19,555.877,0.000,336.725,369.342,1,-1,-1,-1
600,19,560.333,0.000,337.195,369.858,1,-1,-1,-1
601,19,564.789,0.000,337.665,370.374,1,-1,-1,-1
602,19,569.245,0.000,338.135,370.889,1,-1,-1,-1
603,19,573.700,0.000,338.605,371.405,1,-1,-1,-1
604,19,578.156,0.000,339.075,371.921,1,-1,-1,-1
605,19,582.612,0.000,339.546,372.437,1,-1,-1,-1
606,19,587.068,0.000,340.016,372.953,1,-1,-1,-1
607,19,591.523,0.000,340.486,373.468,1,-1,-1,-1
608,19,595.979,0.000,340.956,373.984,1,-1,-1,-1
609,19,600.435,0.000,341.426,374.500,1,-1,-1,-1
610,19,556.064,0.000,309.665,345.836,1,-1,-1,-1
611,19,556.824,0.000,306.750,347.194,1,-1,-1,-1
612,19,556.499,0.000,306.948,351.772,1,-1,-1,-1
613,19,563.818,2.206,295.272,339.544,1,-1,-1,-1
614,19,571.937,12.728,281.454,322.337,1,-1,-1,-1
615,19,574.698,22.331,276.922,316.147,1,-1,-1,-1
616,19,606.586,34.799,211.195,221.752,1,-1,-1,-1
617,19,615.242,38.805,183.707,180.585,1,-1,-1,-1
618,19,571.630,36.948,261.468,260.472,1,-1,-1,-1
619,19,586.723,34.488,222.575,213.500,1,-1,-1,-1
620,19,591.612,28.286,204.938,191.064,1,-1,-1,-1
621,19,587.263,24.940,206.288,189.178,1,-1,-1,-1
622,19,574.112,9.070,228.461,210.165,1,-1,-1,-1
623,19,569.761,2.195,235.435,217.500,1,-1,-1,-1
624,19,568.858,-0.360,236.852,220.303,1,-1,-1,-1
625,19,567.236,-3.528,236.276,219.766,1,-1,-1,-1
626,19,565.615,-6.695,235.700,219.230,1,-1,-1,-1
627,19,563.993,-9.863,235.124,218.694,1,-1,-1,-1
628,19,562.371,-13.030,234.548,218.158,1,-1,-1,-1
629,19,560.749,-16.198,233.973,217.621,1,-1,-1,-1
630,19,559.128,-19.365,233.397,217.085,1,-1,-1,-1
631,19,557.506,-22.533,232.821,216.549,1,-1,-1,-1
632,19,555.884,-25.700,232.245,216.012,1,-1,-1,-1
633,19,554.263,-28.868,231.669,215.476,1,-1,-1,-1
634,19,552.641,-32.036,231.094,214.940,1,-1,-1,-1
635,19,551.019,-35.203,230.518,214.403,1,-1,-1,-1
636,19,549.397,-38.371,229.942,213.867,1,-1,-1,-1
637,19,547.776,-41.538,229.366,213.331,1,-1,-1,-1
638,19,546.154,-44.706,228.790,212.794,1,-1,-1,-1
639,19,544.532,-47.873,228.214,212.258,1,-1,-1,-1
640,19,542.911,-51.041,227.639,211.722,1,-1,-1,-1
641,19,541.289,-54.208,227.063,211.185,1,-1,-1,-1
642,19,539.667,-57.376,226.487,210.649,1,-1,-1,-1
643,19,538.046,-60.543,225.911,210.113,1,-1,-1,-1
644,19,536.424,-63.711,225.335,209.576,1,-1,-1,-1
660,20,671.421,40.448,174.482,213.769,1,-1,-1,-1
661,20,675.431,46.603,167.344,203.932,1,-1,-1,-1
662,20,677.051,47.062,164.172,198.630,1,-1,-1,-1
663,20,677.448,50.143,160.092,192.102,1,-1,-1,-1
664,20,675.004,52.210,157.632,187.774,1,-1,-1,-1
665,20,672.756,55.256,156.478,185.086,1,-1,-1,-1
666,20,669.569,55.299,156.827,184.701,1,-1,-1,-1
667,20,667.651,54.221,157.081,184.092,1,-1,-1,-1
668,20,662.213,53.036,159.412,187.166,1,-1,-1,-1
669,20,659.066,52.049,160.344,188.811,1,-1,-1,-1
670,20,657.038,51.080,162.504,191.815,1,-1,-1,-1
671,20,655.802,52.180,161.035,190.081,1,-1,-1,-1
672,20,654.566,53.280,159.565,188.347,1,-1,-1,-1
673,20,653.331,54.380,158.096,186.612,1,-1,-1,-1
674,20,652.095,55.480,156.627,184.878,1,-1,-1,-1
675,20,636.543,45.304,163.971,196.574,1,-1,-1,-1
676,20,635.596,43.771,164.441,199.768,1,-1,-1,-1
677,20,651.345,43.565,172.364,204.275,1,-1,-1,-1
678,20,634.689,44.725,164.931,200.934,1,-1,-1,-1
679,20,629.767,47.742,157.373,196.240,1,-1,-1,-1
680,20,626.874,48.048,156.987,195.760,1,-1,-1,-1
681,20,623.981,48.355,156.602,195.279,1,-1,-1,-1
682,20,621.087,48.661,156.217,194.799,1,-1,-1,-1
683,20,618.194,48.968,155.832,194.319,1,-1,-1,-1
684,20,615.300,49.275,155.446,193.838,1,-1,-1,-1
685,20,612.407,49.581,155.061,193.358,1,-1,-1,-1
686,20,611.171,48.656,159.232,205.336,1,-1,-1,-1
687,20,611.537,48.184,155.822,207.145,1,-1,-1,-1
688,20,608.659,48.325,156.321,207.809,1,-1,-1,-1
689,20,605.782,48.466,156.820,208.473,1,-1,-1,-1
690,20,615.700,48.908,153.207,204.533,1,-1,-1,-1
691,20,616.923,50.286,150.203,199.989,1,-1,-1,-1
692,20,619.354,49.889,150.360,198.330,1,-1,-1,-1
693,20,618.471,50.107,150.046,197.916,1,-1,-1,-1
694,20,617.589,50.324,149.732,197.502,1,-1,-1,-1
695,20,616.706,50.542,149.418,197.088,1,-1,-1,-1
696,20,615.824,50.759,149.104,196.674,1,-1,-1,-1
697,20,614.941,50.977,148.790,196.260,1,-1,-1,-1
698,20,614.059,51.195,148.476,195.846,1,-1,-1,-1
699,20,613.176,51.412,148.162,195.432,1,-1,-1,-1
700,20,615.173,92.462,127.283,159.375,1,-1,-1,-1
701,20,610.684,97.321,131.028,158.970,1,-1,-1,-1
702,20,607.152,104.067,134.444,159.410,1,-1,-1,-1
703,20,606.428,108.123,132.385,156.968,1,-1,-1,-1
704,20,605.705,112.179,130.325,154.526,1,-1,-1,-1
705,20,604.981,116.235,128.266,152.083,1,-1,-1,-1
706,20,604.258,120.291,126.206,149.641,1,-1,-1,-1
707,20,603.534,124.347,124.147,147.199,1,-1,-1,-1
708,20,602.811,128.403,122.087,144.757,1,-1,-1,-1
709,20,602.087,132.459,120.028,142.315,1,-1,-1,-1
710,20,601.363,136.515,117.968,139.873,1,-1,-1,-1
711,20,600.640,140.571,115.909,137.431,1,-1,-1,-1
712,20,599.916,144.627,113.849,134.989,1,-1,-1,-1
713,20,599.193,148.683,111.790,132.546,1,-1,-1,-1
714,20,598.469,152.739,109.730,130.104,1,-1,-1,-1
715,20,597.746,156.795,107.671,127.662,1,-1,-1,-1
716,20,597.022,160.851,105.611,125.220,1,-1,-1,-1
717,20,596.299,164.907,103.552,122.778,1,-1,-1,-1
718,20,595.575,168.963,101.492,120.336,1,-1,-1,-1
719,20,594.851,173.019,99.433,117.894,1,-1,-1,-1
720,20,594.128,177.076,97.373,115.451,1,-1,-1,-1
721,20,593.404,181.132,95.313,113.009,1,-1,-1,-1
722,20,592.681,185.188,93.254,110.567,1,-1,-1,-1
