3,1,522.607,152.734,94.277,56.544,1,-1,-1,-1
4,1,515.115,152.208,94.770,56.859,1,-1,-1,-1
4,2,235.885,204.165,131.451,90.706,1,-1,-1,-1
5,1,511.522,151.150,98.825,59.347,1,-1,-1,-1
5,2,232.501,208.341,130.069,89.842,1,-1,-1,-1
6,1,507.353,150.756,100.420,60.165,1,-1,-1,-1
6,2,229.388,209.105,131.687,90.960,1,-1,-1,-1
7,1,502.380,150.305,103.198,61.668,1,-1,-1,-1
7,2,220.589,208.300,140.435,97.785,1,-1,-1,-1
8,1,502.359,152.252,98.386,58.564,1,-1,-1,-1
8,2,218.450,210.068,137.527,96.559,1,-1,-1,-1
9,1,501.790,152.075,98.951,58.724,1,-1,-1,-1
9,2,218.237,211.288,134.512,95.166,1,-1,-1,-1
10,1,498.880,153.429,93.434,55.552,1,-1,-1,-1
10,2,214.304,210.904,134.680,96.247,1,-1,-1,-1
11,1,493.014,156.952,93.232,55.070,1,-1,-1,-1
11,2,210.575,211.489,136.371,97.456,1,-1,-1,-1
12,1,487.819,156.284,98.647,58.204,1,-1,-1,-1
12,2,206.847,212.073,138.063,98.665,1,-1,-1,-1
13,1,486.347,156.340,99.302,58.452,1,-1,-1,-1
13,2,209.558,212.609,128.884,92.895,1,-1,-1,-1
14,1,485.786,156.815,98.127,57.526,1,-1,-1,-1
14,2,206.502,213.187,129.458,93.309,1,-1,-1,-1
15,1,483.192,154.529,100.793,59.233,1,-1,-1,-1
15,2,213.905,220.502,115.205,82.658,1,-1,-1,-1
16,1,481.489,153.824,98.439,57.996,1,-1,-1,-1
16,2,209.339,213.414,123.017,88.898,1,-1,-1,-1
17,1,481.011,149.095,104.717,61.542,1,-1,-1,-1
17,2,207.535,213.200,120.530,87.360,1,-1,-1,-1
18,1,477.880,150.128,100.933,59.519,1,-1,-1,-1
18,2,210.188,219.705,110.675,79.324,1,-1,-1,-1
19,1,475.835,150.332,98.878,58.291,1,-1,-1,-1
19,2,200.767,205.861,125.909,91.483,1,-1,-1,-1
20,1,472.847,149.795,100.970,59.687,1,-1,-1,-1
20,2,194.025,202.554,129.307,94.554,1,-1,-1,-1
21,1,471.664,149.031,101.095,59.819,1,-1,-1,-1
21,2,191.227,200.583,130.341,96.095,1,-1,-1,-1
22,1,473.068,149.553,99.182,58.475,1,-1,-1,-1
22,2,192.187,201.345,127.368,94.473,1,-1,-1,-1
23,1,471.067,150.074,97.167,57.090,1,-1,-1,-1
23,2,191.006,202.060,125.310,93.444,1,-1,-1,-1
24,1,471.053,151.167,98.852,57.768,1,-1,-1,-1
24,2,193.271,205.530,122.058,91.328,1,-1,-1,-1
25,1,469.159,154.804,103.676,60.591,1,-1,-1,-1
25,2,192.222,207.080,123.214,92.766,1,-1,-1,-1
26,1,466.786,157.639,106.975,62.631,1,-1,-1,-1
26,2,191.383,207.947,124.161,94.232,1,-1,-1,-1
27,1,471.045,161.420,102.450,60.026,1,-1,-1,-1
27,2,193.509,211.078,122.345,93.493,1,-1,-1,-1
28,1,469.858,162.394,102.695,60.170,1,-1,-1,-1
28,2,194.375,213.346,121.281,93.305,1,-1,-1,-1
29,1,465.828,159.599,105.643,61.951,1,-1,-1,-1
29,2,200.547,215.578,113.775,88.059,1,-1,-1,-1
30,1,464.344,160.186,106.175,62.263,1,-1,-1,-1
30,2,198.430,214.825,110.514,86.389,1,-1,-1,-1
31,1,460.476,157.972,104.011,61.930,1,-1,-1,-1
31,2,197.663,215.599,108.483,85.245,1,-1,-1,-1
32,1,458.679,158.280,104.427,62.178,1,-1,-1,-1
32,2,192.702,212.217,112.099,89.511,1,-1,-1,-1
33,1,456.431,154.953,107.305,64.732,1,-1,-1,-1
33,2,193.900,213.409,109.588,87.612,1,-1,-1,-1
34,1,453.928,153.502,105.812,64.131,1,-1,-1,-1
34,2,193.435,211.495,110.402,88.440,1,-1,-1,-1
35,1,449.120,151.012,101.964,62.220,1,-1,-1,-1
35,2,188.950,209.348,109.948,87.465,1,-1,-1,-1
36,1,446.335,149.911,97.940,60.214,1,-1,-1,-1
36,2,184.120,202.486,109.245,86.584,1,-1,-1,-1
37,1,441.797,149.024,94.072,58.356,1,-1,-1,-1
37,2,182.510,208.264,97.959,76.565,1,-1,-1,-1
38,1,435.631,147.319,95.302,59.313,1,-1,-1,-1
38,2,173.090,198.445,107.021,84.081,1,-1,-1,-1
39,1,431.655,148.157,93.667,58.359,1,-1,-1,-1
39,2,167.056,197.908,105.944,83.891,1,-1,-1,-1
40,1,424.226,148.333,94.484,59.044,1,-1,-1,-1
40,2,160.077,200.605,102.911,82.857,1,-1,-1,-1
41,1,420.256,149.250,93.124,58.294,1,-1,-1,-1
41,2,153.483,201.672,100.563,82.897,1,-1,-1,-1
42,1,419.125,151.443,89.299,55.764,1,-1,-1,-1
42,2,151.358,201.074,105.464,87.899,1,-1,-1,-1
43,1,412.425,151.673,90.181,55.971,1,-1,-1,-1
43,2,145.046,205.320,103.911,87.188,1,-1,-1,-1
44,1,407.475,151.254,89.391,55.378,1,-1,-1,-1
44,2,143.724,209.497,99.398,83.538,1,-1,-1,-1
45,1,398.663,147.785,95.304,58.945,1,-1,-1,-1
45,2,140.472,207.768,104.729,87.275,1,-1,-1,-1
46,1,394.151,147.357,95.401,59.006,1,-1,-1,-1
46,2,136.572,210.317,101.295,84.467,1,-1,-1,-1
47,1,396.071,145.559,98.549,60.840,1,-1,-1,-1
47,2,137.394,219.838,90.918,75.464,1,-1,-1,-1
48,1,396.668,145.789,97.612,60.242,1,-1,-1,-1
48,2,134.875,217.198,93.313,78.169,1,-1,-1,-1
49,1,393.291,145.300,97.870,60.401,1,-1,-1,-1
49,2,137.245,219.816,89.511,74.937,1,-1,-1,-1
50,1,389.914,144.811,98.128,60.560,1,-1,-1,-1
50,2,138.647,219.739,88.932,74.439,1,-1,-1,-1
51,1,386.537,144.322,98.386,60.719,1,-1,-1,-1
51,2,137.761,215.227,91.609,77.275,1,-1,-1,-1
52,1,383.160,143.834,98.643,60.879,1,-1,-1,-1
52,2,135.872,216.498,90.673,76.295,1,-1,-1,-1
53,1,379.783,143.345,98.901,61.038,1,-1,-1,-1
53,2,136.962,216.591,90.972,76.514,1,-1,-1,-1
54,1,376.405,142.856,99.159,61.197,1,-1,-1,-1
54,2,139.737,216.197,93.271,77.667,1,-1,-1,-1
55,1,373.028,142.367,99.417,61.356,1,-1,-1,-1
55,2,141.815,214.944,95.277,78.959,1,-1,-1,-1
56,1,369.651,141.878,99.675,61.515,1,-1,-1,-1
56,2,144.240,213.590,95.404,78.891,1,-1,-1,-1
57,1,366.274,141.389,99.932,61.674,1,-1,-1,-1
57,2,141.526,205.884,103.586,86.672,1,-1,-1,-1
58,1,362.897,140.900,100.190,61.834,1,-1,-1,-1
58,2,144.642,210.268,98.186,82.458,1,-1,-1,-1
59,1,390.937,149.821,90.504,56.219,1,-1,-1,-1
59,2,145.008,210.942,97.904,82.683,1,-1,-1,-1
60,1,389.659,149.967,90.133,55.989,1,-1,-1,-1
60,2,145.488,211.467,95.254,80.565,1,-1,-1,-1
61,1,388.381,150.113,89.762,55.758,1,-1,-1,-1
61,2,149.136,213.809,90.007,75.931,1,-1,-1,-1
62,1,387.104,150.259,89.390,55.528,1,-1,-1,-1
62,2,151.577,213.307,88.059,74.133,1,-1,-1,-1
63,1,385.826,150.405,89.019,55.297,1,-1,-1,-1
63,2,154.989,212.927,84.959,71.501,1,-1,-1,-1
64,1,384.548,150.551,88.648,55.067,1,-1,-1,-1
64,2,155.352,211.143,84.301,71.800,1,-1,-1,-1
65,1,383.270,150.698,88.277,54.837,1,-1,-1,-1
65,2,157.384,209.987,81.497,69.901,1,-1,-1,-1
66,1,381.992,150.844,87.906,54.606,1,-1,-1,-1
66,2,153.570,202.879,83.397,73.527,1,-1,-1,-1
67,1,380.714,150.990,87.535,54.376,1,-1,-1,-1
67,2,158.617,200.817,87.087,76.743,1,-1,-1,-1
68,1,379.437,151.136,87.164,54.145,1,-1,-1,-1
68,2,159.831,196.830,91.334,80.272,1,-1,-1,-1
69,1,378.159,151.282,86.792,53.915,1,-1,-1,-1
69,2,161.324,194.559,88.391,77.112,1,-1,-1,-1
70,1,376.881,151.428,86.421,53.684,1,-1,-1,-1
70,2,152.569,183.222,96.173,84.843,1,-1,-1,-1
71,1,375.603,151.574,86.050,53.454,1,-1,-1,-1
71,2,150.592,180.231,95.739,85.056,1,-1,-1,-1
72,1,374.325,151.720,85.679,53.223,1,-1,-1,-1
72,2,148.103,176.290,98.093,88.042,1,-1,-1,-1
73,1,373.047,151.867,85.308,52.993,1,-1,-1,-1
73,2,148.501,181.152,91.162,81.409,1,-1,-1,-1
74,1,371.769,152.013,84.937,52.762,1,-1,-1,-1
74,2,146.306,179.291,92.530,83.206,1,-1,-1,-1
75,1,392.636,122.234,88.615,54.387,1,-1,-1,-1
75,2,146.199,186.263,84.036,75.227,1,-1,-1,-1
76,1,386.348,120.045,92.668,55.915,1,-1,-1,-1
76,2,145.566,185.134,83.577,74.816,1,-1,-1,-1
77,1,385.831,118.430,92.723,55.948,1,-1,-1,-1
77,2,144.933,184.005,83.117,74.405,1,-1,-1,-1
78,1,385.315,116.815,92.778,55.981,1,-1,-1,-1
78,2,133.500,177.555,83.668,76.944,1,-1,-1,-1
79,1,384.798,115.200,92.833,56.015,1,-1,-1,-1
79,2,132.724,178.121,87.120,81.193,1,-1,-1,-1
80,1,384.282,113.585,92.888,56.048,1,-1,-1,-1
80,2,137.821,184.062,77.472,71.986,1,-1,-1,-1
81,1,383.765,111.970,92.943,56.081,1,-1,-1,-1
81,2,140.775,188.071,70.624,65.226,1,-1,-1,-1
82,1,383.249,110.355,92.998,56.114,1,-1,-1,-1
82,2,138.797,187.935,71.341,64.521,1,-1,-1,-1
83,1,382.733,108.739,93.053,56.147,1,-1,-1,-1
83,2,131.628,180.023,80.613,72.684,1,-1,-1,-1
84,1,382.216,107.124,93.108,56.180,1,-1,-1,-1
84,2,123.769,172.793,91.555,83.070,1,-1,-1,-1
85,1,381.700,105.509,93.163,56.213,1,-1,-1,-1
85,2,119.142,167.803,95.412,86.737,1,-1,-1,-1
86,1,381.183,103.894,93.217,56.246,1,-1,-1,-1
86,2,114.753,166.057,98.675,90.856,1,-1,-1,-1
87,1,380.667,102.279,93.272,56.279,1,-1,-1,-1
87,2,112.925,165.436,101.757,94.957,1,-1,-1,-1
88,1,380.150,100.664,93.327,56.312,1,-1,-1,-1
88,2,110.216,165.632,103.570,98.083,1,-1,-1,-1
89,1,379.634,99.049,93.382,56.346,1,-1,-1,-1
89,2,110.278,166.898,102.304,98.021,1,-1,-1,-1
90,1,379.117,97.433,93.437,56.379,1,-1,-1,-1
90,2,115.832,174.707,96.761,93.661,1,-1,-1,-1
91,1,378.601,95.818,93.492,56.412,1,-1,-1,-1
91,2,113.924,173.934,98.121,94.979,1,-1,-1,-1
92,1,378.084,94.203,93.547,56.445,1,-1,-1,-1
92,2,112.015,173.161,99.481,96.297,1,-1,-1,-1
93,1,377.568,92.588,93.602,56.478,1,-1,-1,-1
93,2,122.875,189.569,97.506,96.738,1,-1,-1,-1
94,1,377.051,90.973,93.657,56.511,1,-1,-1,-1
94,2,125.889,197.973,98.334,99.310,1,-1,-1,-1
95,1,376.535,89.358,93.712,56.544,1,-1,-1,-1
95,2,128.115,204.726,97.268,99.415,1,-1,-1,-1
96,1,376.018,87.743,93.766,56.577,1,-1,-1,-1
96,2,136.707,213.175,90.923,93.929,1,-1,-1,-1
97,1,375.502,86.128,93.821,56.610,1,-1,-1,-1
97,2,139.595,216.877,89.637,93.344,1,-1,-1,-1
98,1,374.986,84.512,93.876,56.644,1,-1,-1,-1
98,2,140.332,219.655,90.061,93.788,1,-1,-1,-1
99,1,374.469,82.897,93.931,56.677,1,-1,-1,-1
99,2,141.069,222.433,90.486,94.232,1,-1,-1,-1
100,1,373.953,81.282,93.986,56.710,1,-1,-1,-1
100,2,140.008,197.776,94.054,99.025,1,-1,-1,-1
101,1,373.436,79.667,94.041,56.743,1,-1,-1,-1
101,2,150.521,204.156,80.119,82.797,1,-1,-1,-1
102,1,372.920,78.052,94.096,56.776,1,-1,-1,-1
102,2,153.727,202.193,75.769,77.035,1,-1,-1,-1
103,1,372.403,76.437,94.151,56.809,1,-1,-1,-1
103,2,154.297,190.924,77.633,78.984,1,-1,-1,-1
104,1,371.887,74.822,94.206,56.842,1,-1,-1,-1
104,2,156.881,191.773,71.858,72.102,1,-1,-1,-1
105,1,371.370,73.206,94.261,56.875,1,-1,-1,-1
105,2,160.427,190.730,69.216,68.257,1,-1,-1,-1
106,1,370.854,71.591,94.315,56.908,1,-1,-1,-1
106,2,161.000,180.718,75.099,74.193,1,-1,-1,-1
107,2,150.015,175.256,85.652,81.152,1,-1,-1,-1
108,2,160.331,174.305,81.259,77.940,1,-1,-1,-1
109,2,163.999,172.383,81.081,78.833,1,-1,-1,-1
110,2,166.109,173.364,79.464,77.475,1,-1,-1,-1
111,2,159.306,168.354,85.175,83.061,1,-1,-1,-1
112,2,162.379,171.078,83.022,79.746,1,-1,-1,-1
113,2,160.766,168.609,85.515,81.186,1,-1,-1,-1
114,2,159.233,164.297,87.984,82.905,1,-1,-1,-1
115,2,158.208,162.792,89.996,83.848,1,-1,-1,-1
116,2,155.527,161.838,93.390,86.559,1,-1,-1,-1
117,2,154.493,161.768,95.342,87.512,1,-1,-1,-1
118,2,152.857,160.156,97.419,88.885,1,-1,-1,-1
119,2,151.066,159.179,100.333,91.253,1,-1,-1,-1
120,2,148.546,160.935,103.530,93.638,1,-1,-1,-1
121,2,145.401,155.834,107.930,97.463,1,-1,-1,-1
122,2,140.010,150.192,113.606,103.037,1,-1,-1,-1
123,2,138.895,148.096,115.499,104.755,1,-1,-1,-1
124,2,142.544,147.374,116.831,107.498,1,-1,-1,-1
125,2,143.537,146.928,117.407,109.639,1,-1,-1,-1
126,2,142.867,145.086,119.372,111.475,1,-1,-1,-1
127,2,146.974,145.807,116.256,110.793,1,-1,-1,-1
128,2,141.649,145.151,116.313,111.508,1,-1,-1,-1
129,2,139.447,141.710,118.714,114.840,1,-1,-1,-1
130,2,138.261,141.099,118.040,113.819,1,-1,-1,-1
131,2,139.224,136.742,118.147,114.468,1,-1,-1,-1
132,2,142.644,132.144,115.239,112.451,1,-1,-1,-1
133,2,147.452,131.864,108.767,105.829,1,-1,-1,-1
134,2,155.336,141.180,95.694,91.210,1,-1,-1,-1
135,2,158.404,137.376,92.962,87.365,1,-1,-1,-1
136,2,165.136,138.294,90.155,82.848,1,-1,-1,-1
137,2,166.815,132.104,94.521,85.981,1,-1,-1,-1
138,2,170.371,132.067,92.591,82.584,1,-1,-1,-1
139,2,173.014,131.487,94.756,83.570,1,-1,-1,-1
140,2,174.947,129.573,97.898,85.398,1,-1,-1,-1
141,2,177.425,133.927,95.949,82.337,1,-1,-1,-1
142,2,183.339,144.896,90.362,75.230,1,-1,-1,-1
143,2,181.399,147.922,94.287,77.082,1,-1,-1,-1
144,2,179.889,146.506,98.979,81.557,1,-1,-1,-1
145,2,183.146,148.594,99.353,81.664,1,-1,-1,-1
146,2,180.899,150.183,100.590,83.243,1,-1,-1,-1
147,2,181.449,156.039,98.578,81.915,1,-1,-1,-1
148,2,189.285,160.272,95.017,81.197,1,-1,-1,-1
149,2,194.952,167.971,88.603,77.290,1,-1,-1,-1
150,2,192.267,175.694,89.420,78.694,1,-1,-1,-1
151,2,192.367,183.235,87.726,77.744,1,-1,-1,-1
152,2,191.161,187.063,88.046,78.620,1,-1,-1,-1
153,2,191.560,193.733,82.872,74.786,1,-1,-1,-1
154,2,193.370,196.119,79.855,73.150,1,-1,-1,-1
155,2,191.185,195.737,80.252,74.658,1,-1,-1,-1
156,2,189.694,196.473,79.005,74.412,1,-1,-1,-1
157,2,182.718,196.670,81.467,76.368,1,-1,-1,-1
158,2,179.168,194.971,84.180,78.677,1,-1,-1,-1
159,2,176.632,194.003,85.160,78.881,1,-1,-1,-1
160,2,177.067,194.394,84.387,77.516,1,-1,-1,-1
161,2,182.234,194.372,80.465,74.148,1,-1,-1,-1
162,2,180.013,187.519,85.305,78.435,1,-1,-1,-1
163,2,178.667,184.639,86.486,79.386,1,-1,-1,-1
164,2,181.222,185.140,82.319,76.140,1,-1,-1,-1
165,2,179.483,180.318,87.216,81.093,1,-1,-1,-1
166,2,180.150,178.118,84.737,79.347,1,-1,-1,-1
167,2,180.853,176.185,84.047,79.664,1,-1,-1,-1
168,2,181.732,174.946,83.073,79.586,1,-1,-1,-1
169,2,185.679,172.187,81.051,78.729,1,-1,-1,-1
170,2,188.179,171.174,78.559,77.043,1,-1,-1,-1
171,2,189.146,170.116,76.546,75.655,1,-1,-1,-1
172,2,192.176,166.354,75.454,75.225,1,-1,-1,-1
173,2,192.066,162.837,77.111,77.690,1,-1,-1,-1
174,2,177.681,160.262,86.417,85.510,1,-1,-1,-1
175,2,171.769,158.611,91.780,89.260,1,-1,-1,-1
176,2,167.872,152.543,95.553,92.161,1,-1,-1,-1
177,2,169.281,149.449,93.051,88.612,1,-1,-1,-1
178,2,165.628,149.025,93.098,88.144,1,-1,-1,-1
179,2,164.189,149.915,92.495,87.315,1,-1,-1,-1
180,2,167.344,150.824,93.238,88.636,1,-1,-1,-1
181,2,166.731,157.072,91.390,87.104,1,-1,-1,-1
182,2,163.484,162.103,92.872,88.394,1,-1,-1,-1
183,2,160.592,166.183,94.564,89.920,1,-1,-1,-1
184,2,157.169,168.945,96.877,92.724,1,-1,-1,-1
185,2,153.776,169.841,99.374,95.096,1,-1,-1,-1
186,2,151.958,174.416,99.064,94.210,1,-1,-1,-1
187,2,144.106,166.366,111.799,106.904,1,-1,-1,-1
188,2,141.773,167.818,113.501,108.271,1,-1,-1,-1
189,2,136.122,164.291,119.691,114.459,1,-1,-1,-1
190,2,132.193,161.427,124.839,119.744,1,-1,-1,-1
191,2,130.486,161.579,126.202,121.665,1,-1,-1,-1
192,2,127.335,159.786,129.783,126.064,1,-1,-1,-1
193,2,128.392,159.886,129.755,127.831,1,-1,-1,-1
194,2,126.780,158.819,131.223,131.141,1,-1,-1,-1
195,2,128.243,160.434,129.524,132.667,1,-1,-1,-1
196,2,124.864,161.325,127.341,132.686,1,-1,-1,-1
197,2,121.555,161.896,127.823,135.235,1,-1,-1,-1
198,2,121.389,162.987,126.011,135.149,1,-1,-1,-1
199,2,117.091,155.978,129.175,141.245,1,-1,-1,-1
200,2,108.941,149.952,130.576,145.394,1,-1,-1,-1
201,2,105.685,145.314,128.393,145.019,1,-1,-1,-1
202,2,104.893,141.409,126.325,144.445,1,-1,-1,-1
203,2,102.711,137.702,125.311,145.319,1,-1,-1,-1
204,2,97.858,133.705,122.113,143.224,1,-1,-1,-1
205,2,93.767,130.816,119.788,141.536,1,-1,-1,-1
206,2,91.792,126.014,120.222,143.087,1,-1,-1,-1
207,2,91.345,120.908,119.210,142.522,1,-1,-1,-1
208,2,92.272,116.609,115.872,138.814,1,-1,-1,-1
209,2,92.351,113.491,116.714,140.387,1,-1,-1,-1
210,2,91.425,112.113,116.896,141.105,1,-1,-1,-1
211,2,93.187,113.848,115.589,139.797,1,-1,-1,-1
212,2,94.217,112.886,113.046,136.394,1,-1,-1,-1
213,2,100.397,112.720,112.282,133.713,1,-1,-1,-1
214,2,102.134,108.058,114.400,134.947,1,-1,-1,-1
215,2,103.158,103.513,116.827,137.111,1,-1,-1,-1
216,2,104.666,101.650,115.992,135.196,1,-1,-1,-1
217,2,110.638,109.908,108.170,124.074,1,-1,-1,-1
218,2,113.073,109.037,107.535,123.402,1,-1,-1,-1
219,2,124.040,121.732,97.952,111.417,1,-1,-1,-1
220,2,124.996,119.790,105.201,120.448,1,-1,-1,-1
221,2,125.535,122.311,109.825,126.600,1,-1,-1,-1
222,2,129.311,128.652,109.354,126.235,1,-1,-1,-1
223,2,127.887,129.005,114.625,133.338,1,-1,-1,-1
224,2,127.722,133.098,115.576,135.185,1,-1,-1,-1
225,2,128.046,137.788,113.818,133.544,1,-1,-1,-1
226,2,125.297,132.862,118.056,140.071,1,-1,-1,-1
227,2,127.499,132.742,117.241,140.007,1,-1,-1,-1
228,2,128.444,133.672,118.106,141.049,1,-1,-1,-1
229,2,129.390,134.603,118.971,142.091,1,-1,-1,-1
230,2,130.336,135.533,119.836,143.133,1,-1,-1,-1
231,2,123.560,109.432,118.243,141.534,1,-1,-1,-1
232,2,123.813,107.974,118.911,142.343,1,-1,-1,-1
233,2,124.067,106.516,119.579,143.152,1,-1,-1,-1
234,2,124.320,105.059,120.247,143.961,1,-1,-1,-1
235,2,124.574,103.601,120.914,144.769,1,-1,-1,-1
236,2,124.828,102.143,121.582,145.578,1,-1,-1,-1
236,10,112.908,111.502,104.426,93.619,1,-1,-1,-1
237,2,125.081,100.685,122.250,146.387,1,-1,-1,-1
237,10,108.449,104.941,101.817,91.515,1,-1,-1,-1
238,2,125.335,99.227,122.917,147.196,1,-1,-1,-1
238,10,109.294,101.707,97.290,87.697,1,-1,-1,-1
239,2,125.589,97.769,123.585,148.005,1,-1,-1,-1
239,10,118.957,99.446,94.605,84.485,1,-1,-1,-1
240,2,125.843,96.312,124.252,148.814,1,-1,-1,-1
240,10,124.443,99.191,90.950,80.415,1,-1,-1,-1
241,2,126.097,94.854,124.920,149.623,1,-1,-1,-1
241,10,126.723,99.684,89.305,78.190,1,-1,-1,-1
242,2,126.350,93.396,125.587,150.431,1,-1,-1,-1
242,10,123.504,98.109,93.429,80.747,1,-1,-1,-1
243,2,126.604,91.938,126.254,151.240,1,-1,-1,-1
243,10,121.172,95.650,95.992,82.093,1,-1,-1,-1
244,2,126.858,90.480,126.921,152.049,1,-1,-1,-1
244,10,118.701,94.229,97.262,82.553,1,-1,-1,-1
245,2,127.112,89.023,127.588,152.858,1,-1,-1,-1
245,10,115.404,91.196,99.339,84.248,1,-1,-1,-1
246,2,127.366,87.565,128.255,153.667,1,-1,-1,-1
246,10,113.544,87.204,95.851,80.714,1,-1,-1,-1
247,2,127.621,86.107,128.922,154.476,1,-1,-1,-1
247,10,112.105,82.480,93.281,77.349,1,-1,-1,-1
248,2,127.875,84.649,129.588,155.285,1,-1,-1,-1
248,10,107.639,75.532,98.150,81.209,1,-1,-1,-1
249,2,128.129,83.191,130.255,156.093,1,-1,-1,-1
249,10,92.565,71.043,106.251,85.811,1,-1,-1,-1
250,2,128.383,81.733,130.921,156.902,1,-1,-1,-1
250,10,90.190,67.785,106.118,85.704,1,-1,-1,-1
251,2,128.638,80.276,131.588,157.711,1,-1,-1,-1
251,10,87.815,64.528,105.985,85.596,1,-1,-1,-1
251,11,22.134,61.522,169.418,102.511,1,-1,-1,-1
252,2,128.892,78.818,132.254,158.520,1,-1,-1,-1
252,10,85.440,61.270,105.852,85.489,1,-1,-1,-1
252,11,22.206,60.175,167.766,100.527,1,-1,-1,-1
253,2,129.146,77.360,132.920,159.329,1,-1,-1,-1
253,10,83.065,58.013,105.719,85.381,1,-1,-1,-1
253,11,16.639,57.365,179.721,107.000,1,-1,-1,-1
254,2,129.401,75.902,133.587,160.138,1,-1,-1,-1
254,10,80.691,54.755,105.586,85.274,1,-1,-1,-1
254,11,14.270,63.676,180.151,106.466,1,-1,-1,-1
255,2,129.655,74.444,134.253,160.947,1,-1,-1,-1
255,10,78.316,51.498,105.453,85.166,1,-1,-1,-1
255,11,14.680,68.743,175.439,102.667,1,-1,-1,-1
256,2,129.910,72.986,134.919,161.756,1,-1,-1,-1
256,10,75.941,48.240,105.320,85.059,1,-1,-1,-1
256,11,17.677,74.085,177.635,103.670,1,-1,-1,-1
257,2,130.164,71.529,135.585,162.564,1,-1,-1,-1
257,10,73.566,44.983,105.187,84.951,1,-1,-1,-1
257,11,16.444,79.012,177.577,103.337,1,-1,-1,-1
258,2,130.419,70.071,136.250,163.373,1,-1,-1,-1
258,10,71.191,41.726,105.054,84.844,1,-1,-1,-1
258,11,-2.123,76.585,196.628,115.386,1,-1,-1,-1
259,2,130.674,68.613,136.916,164.182,1,-1,-1,-1
259,10,68.816,38.468,104.921,84.737,1,-1,-1,-1
259,11,5.041,86.114,181.678,106.484,1,-1,-1,-1
260,2,130.928,67.155,137.582,164.991,1,-1,-1,-1
260,10,66.441,35.211,104.788,84.629,1,-1,-1,-1
260,11,-4.536,82.890,192.579,113.705,1,-1,-1,-1
261,2,131.183,65.697,138.247,165.800,1,-1,-1,-1
261,10,64.066,31.953,104.655,84.522,1,-1,-1,-1
261,11,-5.756,88.819,190.402,112.958,1,-1,-1,-1
262,10,61.692,28.696,104.522,84.414,1,-1,-1,-1
262,11,8.515,96.803,180.121,107.767,1,-1,-1,-1
263,10,59.317,25.438,104.389,84.307,1,-1,-1,-1
263,11,7.497,99.991,180.639,108.077,1,-1,-1,-1
264,10,56.942,22.181,104.256,84.199,1,-1,-1,-1
264,11,6.478,103.179,181.156,108.386,1,-1,-1,-1
265,10,54.567,18.923,104.123,84.092,1,-1,-1,-1
265,11,-10.266,95.877,202.236,122.783,1,-1,-1,-1
266,10,52.192,15.666,103.990,83.984,1,-1,-1,-1
266,11,-6.683,98.242,206.164,125.720,1,-1,-1,-1
267,10,5.305,90.323,170.840,135.880,1,-1,-1,-1
267,11,-8.912,100.350,209.294,127.629,1,-1,-1,-1
268,10,0.624,91.177,174.155,138.517,1,-1,-1,-1
268,11,-11.141,102.458,212.423,129.538,1,-1,-1,-1
269,10,-4.056,92.031,177.471,141.153,1,-1,-1,-1
269,11,-13.370,104.566,215.553,131.446,1,-1,-1,-1
270,10,-8.737,92.885,180.786,143.790,1,-1,-1,-1
270,11,-15.599,106.674,218.683,133.355,1,-1,-1,-1
271,10,-13.418,93.739,184.101,146.427,1,-1,-1,-1
271,11,-17.828,108.781,221.813,135.264,1,-1,-1,-1
272,10,-18.098,94.593,187.417,149.064,1,-1,-1,-1
272,11,-20.057,110.889,224.943,137.172,1,-1,-1,-1
273,10,-22.779,95.448,190.732,151.701,1,-1,-1,-1
273,11,-22.286,112.997,228.073,139.081,1,-1,-1,-1
273,13,90.200,133.728,121.169,100.897,1,-1,-1,-1
274,10,-27.459,96.302,194.047,154.337,1,-1,-1,-1
274,11,-24.515,115.105,231.203,140.990,1,-1,-1,-1
274,13,92.111,134.389,122.593,102.484,1,-1,-1,-1
275,10,3.217,93.687,196.239,153.155,1,-1,-1,-1
275,11,-26.744,117.213,234.333,142.898,1,-1,-1,-1
275,13,92.234,133.477,126.606,106.503,1,-1,-1,-1
276,10,3.076,93.376,198.819,153.439,1,-1,-1,-1
276,11,-28.973,119.321,237.463,144.807,1,-1,-1,-1
276,13,92.093,132.401,128.064,108.579,1,-1,-1,-1
277,10,1.198,86.611,204.002,156.972,1,-1,-1,-1
277,11,-31.202,121.429,240.593,146.716,1,-1,-1,-1
277,13,93.952,132.490,125.231,106.823,1,-1,-1,-1
278,10,0.204,79.698,208.559,160.232,1,-1,-1,-1
278,11,-33.431,123.536,243.723,148.624,1,-1,-1,-1
278,13,95.348,132.922,122.468,104.940,1,-1,-1,-1
279,10,-0.642,75.743,212.008,162.885,1,-1,-1,-1
279,11,-35.660,125.644,246.853,150.533,1,-1,-1,-1
279,13,100.042,132.852,121.618,104.072,1,-1,-1,-1
280,10,-4.982,65.749,222.240,172.415,1,-1,-1,-1
280,11,-37.889,127.752,249.983,152.442,1,-1,-1,-1
280,13,101.585,129.735,124.286,106.370,1,-1,-1,-1
281,10,-4.791,64.419,224.898,175.513,1,-1,-1,-1
281,11,-40.118,129.860,253.112,154.351,1,-1,-1,-1
281,13,102.160,124.765,129.710,111.509,1,-1,-1,-1
282,10,0.935,66.486,222.708,172.928,1,-1,-1,-1
282,11,-42.347,131.968,256.242,156.259,1,-1,-1,-1
282,13,103.522,123.848,130.938,112.565,1,-1,-1,-1
283,10,-2.162,58.833,233.820,182.349,1,-1,-1,-1
283,11,-44.576,134.076,259.372,158.168,1,-1,-1,-1
283,13,107.913,131.285,130.420,111.751,1,-1,-1,-1
284,10,-3.653,56.723,238.009,185.616,1,-1,-1,-1
284,11,-6.872,90.583,246.145,152.240,1,-1,-1,-1
284,13,110.554,133.229,130.648,111.966,1,-1,-1,-1
285,10,-4.320,54.596,240.808,188.867,1,-1,-1,-1
285,11,-7.091,90.311,248.570,153.739,1,-1,-1,-1
285,13,112.382,133.470,131.551,112.740,1,-1,-1,-1
286,10,-4.824,54.644,241.286,190.402,1,-1,-1,-1
286,11,-7.309,90.039,250.994,155.239,1,-1,-1,-1
286,13,115.613,143.291,122.256,104.363,1,-1,-1,-1
287,10,-1.826,64.978,235.355,185.811,1,-1,-1,-1
287,11,-7.528,89.766,253.419,156.739,1,-1,-1,-1
287,13,112.948,147.679,120.486,103.120,1,-1,-1,-1
288,10,-7.303,60.102,245.920,196.227,1,-1,-1,-1
288,11,-7.747,89.494,255.843,158.238,1,-1,-1,-1
288,13,112.170,150.265,122.896,105.391,1,-1,-1,-1
289,10,-8.877,58.934,249.907,199.408,1,-1,-1,-1
289,11,-7.966,89.222,258.268,159.738,1,-1,-1,-1
289,13,113.467,153.219,124.437,106.734,1,-1,-1,-1
290,10,-10.452,57.766,253.895,202.590,1,-1,-1,-1
290,11,-8.184,88.949,260.692,161.237,1,-1,-1,-1
290,13,113.763,155.033,125.792,107.940,1,-1,-1,-1
291,10,-12.026,56.598,257.882,205.771,1,-1,-1,-1
291,11,-8.403,88.677,263.117,162.737,1,-1,-1,-1
291,13,118.101,158.467,123.844,105.771,1,-1,-1,-1
292,10,-13.600,55.430,261.869,208.953,1,-1,-1,-1
292,11,-8.622,88.405,265.541,164.237,1,-1,-1,-1
292,13,119.233,160.340,126.328,106.890,1,-1,-1,-1
293,10,-15.174,54.262,265.857,212.134,1,-1,-1,-1
293,11,65.758,142.540,198.632,127.963,1,-1,-1,-1
293,13,120.729,162.373,126.479,107.017,1,-1,-1,-1
294,10,65.673,101.490,217.661,173.263,1,-1,-1,-1
294,11,70.665,146.256,196.661,126.693,1,-1,-1,-1
294,13,122.224,164.405,126.629,107.144,1,-1,-1,-1
295,10,72.775,108.966,209.805,166.238,1,-1,-1,-1
295,11,75.572,149.972,194.690,125.424,1,-1,-1,-1
295,13,123.720,166.437,126.779,107.271,1,-1,-1,-1
296,10,77.028,108.090,209.935,166.622,1,-1,-1,-1
296,11,80.478,153.689,192.719,124.154,1,-1,-1,-1
296,13,125.216,168.470,126.929,107.398,1,-1,-1,-1
297,10,82.073,110.706,209.070,165.935,1,-1,-1,-1
297,11,85.385,157.405,190.748,122.885,1,-1,-1,-1
297,13,133.680,165.360,124.120,104.595,1,-1,-1,-1
298,10,62.118,93.938,219.281,177.109,1,-1,-1,-1
298,11,90.291,161.121,188.776,121.615,1,-1,-1,-1
298,13,135.722,164.955,125.098,104.888,1,-1,-1,-1
299,10,42.447,74.817,238.045,193.166,1,-1,-1,-1
299,11,95.198,164.838,186.805,120.345,1,-1,-1,-1
299,13,140.939,164.854,123.539,102.680,1,-1,-1,-1
300,10,59.064,72.496,235.119,190.670,1,-1,-1,-1
300,11,100.104,168.554,184.834,119.076,1,-1,-1,-1
300,13,143.510,166.054,123.145,102.352,1,-1,-1,-1
301,10,59.992,70.374,237.673,192.741,1,-1,-1,-1
301,11,105.011,172.270,182.863,117.806,1,-1,-1,-1
301,13,146.544,156.075,126.180,104.315,1,-1,-1,-1
302,10,60.921,68.252,240.227,194.812,1,-1,-1,-1
302,11,109.917,175.987,180.892,116.537,1,-1,-1,-1
302,13,148.806,154.063,123.610,101.540,1,-1,-1,-1
303,10,100.445,109.771,180.356,144.288,1,-1,-1,-1
303,11,114.824,179.703,178.921,115.267,1,-1,-1,-1
303,13,151.466,153.810,123.154,101.166,1,-1,-1,-1
304,10,105.134,111.745,176.774,141.422,1,-1,-1,-1
304,11,119.730,183.419,176.950,113.997,1,-1,-1,-1
304,13,158.902,150.754,123.499,100.756,1,-1,-1,-1
305,10,109.823,113.720,173.192,138.557,1,-1,-1,-1
305,11,124.636,187.136,174.979,112.728,1,-1,-1,-1
305,13,163.060,149.880,122.079,98.952,1,-1,-1,-1
306,10,114.513,115.694,169.610,135.691,1,-1,-1,-1
306,11,129.543,190.852,173.008,111.458,1,-1,-1,-1
306,13,166.441,149.285,121.415,98.414,1,-1,-1,-1
307,10,119.202,117.669,166.027,132.825,1,-1,-1,-1
307,11,134.449,194.568,171.037,110.189,1,-1,-1,-1
307,13,170.204,147.308,119.535,95.997,1,-1,-1,-1
308,10,123.891,119.643,162.445,129.959,1,-1,-1,-1
308,11,139.356,198.285,169.066,108.919,1,-1,-1,-1
308,13,175.493,143.790,122.128,97.538,1,-1,-1,-1
309,10,128.581,121.617,158.863,127.093,1,-1,-1,-1
309,11,144.262,202.001,167.095,107.650,1,-1,-1,-1
309,13,179.231,142.721,121.525,97.056,1,-1,-1,-1
310,10,121.618,70.559,227.362,178.815,1,-1,-1,-1
310,11,149.169,205.717,165.124,106.380,1,-1,-1,-1
310,13,182.969,141.653,120.922,96.575,1,-1,-1,-1
311,10,125.376,67.590,230.187,181.037,1,-1,-1,-1
311,11,154.075,209.434,163.154,105.110,1,-1,-1,-1
311,13,186.707,140.584,120.320,96.094,1,-1,-1,-1
312,10,129.135,64.622,233.013,183.259,1,-1,-1,-1
312,11,158.982,213.150,161.183,103.841,1,-1,-1,-1
312,13,177.028,149.019,117.639,93.152,1,-1,-1,-1
313,10,132.893,61.653,235.838,185.481,1,-1,-1,-1
313,11,163.888,216.867,159.212,102.571,1,-1,-1,-1
313,13,172.858,152.065,120.648,94.870,1,-1,-1,-1
314,10,136.652,58.685,238.664,187.703,1,-1,-1,-1
314,11,168.795,220.583,157.241,101.302,1,-1,-1,-1
314,13,172.416,156.201,120.695,93.732,1,-1,-1,-1
315,10,140.410,55.716,241.489,189.925,1,-1,-1,-1
315,11,173.701,224.299,155.270,100.032,1,-1,-1,-1
315,13,173.573,157.911,122.325,93.728,1,-1,-1,-1
316,10,144.169,52.748,244.315,192.147,1,-1,-1,-1
316,11,175.555,161.274,157.581,94.740,1,-1,-1,-1
316,13,175.243,158.693,121.710,93.256,1,-1,-1,-1
317,10,147.927,49.779,247.140,194.369,1,-1,-1,-1
317,11,177.776,163.585,161.680,93.077,1,-1,-1,-1
317,13,176.912,159.474,121.094,92.784,1,-1,-1,-1
317,15,104.978,63.384,261.830,111.808,1,-1,-1,-1
318,10,151.686,46.811,249.966,196.590,1,-1,-1,-1
318,11,182.981,164.538,159.123,91.605,1,-1,-1,-1
318,13,178.582,160.256,120.479,92.313,1,-1,-1,-1
318,15,112.162,63.475,251.186,107.549,1,-1,-1,-1
319,10,155.444,43.842,252.792,198.812,1,-1,-1,-1
319,11,188.186,165.491,156.566,90.133,1,-1,-1,-1
319,13,180.251,161.037,119.863,91.841,1,-1,-1,-1
319,15,125.870,73.673,222.913,95.143,1,-1,-1,-1
320,10,159.203,40.874,255.617,201.034,1,-1,-1,-1
320,11,193.390,166.445,154.009,88.661,1,-1,-1,-1
320,13,181.920,161.819,119.248,91.369,1,-1,-1,-1
320,15,118.919,71.597,234.658,100.488,1,-1,-1,-1
321,10,162.961,37.905,258.443,203.256,1,-1,-1,-1
321,11,198.595,167.398,151.453,87.188,1,-1,-1,-1
321,13,183.590,162.600,118.632,90.897,1,-1,-1,-1
321,15,115.184,70.456,242.189,104.184,1,-1,-1,-1
322,10,166.720,34.937,261.268,205.478,1,-1,-1,-1
322,11,203.800,168.352,148.896,85.716,1,-1,-1,-1
322,13,185.259,163.382,118.017,90.425,1,-1,-1,-1
322,15,122.945,69.840,232.845,99.925,1,-1,-1,-1
323,10,170.478,31.968,264.094,207.700,1,-1,-1,-1
323,11,209.004,169.305,146.339,84.244,1,-1,-1,-1
323,13,180.049,164.796,121.030,91.519,1,-1,-1,-1
323,15,125.365,69.929,230.322,98.842,1,-1,-1,-1
324,10,174.237,29.000,266.920,209.922,1,-1,-1,-1
324,11,214.209,170.259,143.782,82.772,1,-1,-1,-1
324,13,181.235,165.628,120.571,91.172,1,-1,-1,-1
324,15,127.784,70.018,227.799,97.760,1,-1,-1,-1
325,10,177.995,26.031,269.745,212.144,1,-1,-1,-1
325,11,219.414,171.212,141.225,81.300,1,-1,-1,-1
325,13,183.387,163.505,119.345,89.281,1,-1,-1,-1
325,15,130.204,70.108,225.275,96.677,1,-1,-1,-1
326,10,181.754,23.063,272.571,214.366,1,-1,-1,-1
326,11,224.618,172.165,138.669,79.828,1,-1,-1,-1
326,13,183.316,163.118,120.439,89.585,1,-1,-1,-1
326,15,132.624,70.197,222.752,95.594,1,-1,-1,-1
327,10,185.512,20.094,275.396,216.588,1,-1,-1,-1
327,11,229.823,173.119,136.112,78.356,1,-1,-1,-1
327,13,183.419,160.200,120.355,89.041,1,-1,-1,-1
327,15,135.044,70.286,220.229,94.511,1,-1,-1,-1
328,10,189.271,17.126,278.222,218.810,1,-1,-1,-1
328,11,235.028,174.072,133.555,76.884,1,-1,-1,-1
328,13,185.234,158.794,120.001,88.484,1,-1,-1,-1
328,15,137.463,70.375,217.705,93.428,1,-1,-1,-1
329,10,193.029,14.157,281.048,221.032,1,-1,-1,-1
329,11,240.232,175.026,130.998,75.411,1,-1,-1,-1
329,13,184.548,157.552,121.061,88.982,1,-1,-1,-1
329,15,139.883,70.465,215.182,92.345,1,-1,-1,-1
330,10,196.788,11.189,283.873,223.254,1,-1,-1,-1
330,11,245.437,175.979,128.441,73.939,1,-1,-1,-1
330,13,182.985,156.815,121.643,89.072,1,-1,-1,-1
330,15,142.303,70.554,212.658,91.262,1,-1,-1,-1
331,10,200.546,8.220,286.699,225.476,1,-1,-1,-1
331,11,250.642,176.933,125.884,72.467,1,-1,-1,-1
331,13,182.110,156.003,122.418,89.390,1,-1,-1,-1
331,15,144.723,70.643,210.135,90.179,1,-1,-1,-1
332,10,204.305,5.252,289.525,227.698,1,-1,-1,-1
332,11,255.846,177.886,123.327,70.995,1,-1,-1,-1
332,13,183.229,154.373,123.553,89.941,1,-1,-1,-1
332,15,146.112,49.410,217.823,93.863,1,-1,-1,-1
333,10,208.063,2.283,292.350,229.920,1,-1,-1,-1
333,11,261.051,178.840,120.770,69.523,1,-1,-1,-1
333,13,185.011,154.465,124.173,90.465,1,-1,-1,-1
333,15,144.927,46.202,228.724,100.054,1,-1,-1,-1
334,10,211.822,-0.685,295.176,232.142,1,-1,-1,-1
334,11,266.256,179.793,118.213,68.051,1,-1,-1,-1
334,13,186.783,155.001,122.997,89.535,1,-1,-1,-1
334,15,146.694,44.457,228.714,100.050,1,-1,-1,-1
335,10,215.580,-3.654,298.002,234.364,1,-1,-1,-1
335,11,271.461,180.746,115.656,66.579,1,-1,-1,-1
335,13,189.304,155.389,123.019,89.409,1,-1,-1,-1
335,15,142.814,45.680,233.482,102.452,1,-1,-1,-1
336,10,219.338,-6.622,300.827,236.586,1,-1,-1,-1
336,11,167.805,39.711,209.305,117.089,1,-1,-1,-1
336,13,194.383,157.532,120.316,87.041,1,-1,-1,-1
336,15,143.969,44.238,234.031,102.693,1,-1,-1,-1
337,10,223.097,-9.591,303.653,238.808,1,-1,-1,-1
337,11,172.731,38.909,207.245,113.015,1,-1,-1,-1
337,13,198.393,159.271,119.016,85.784,1,-1,-1,-1
337,15,145.123,42.796,234.581,102.934,1,-1,-1,-1
338,10,226.855,-12.559,306.479,241.029,1,-1,-1,-1
338,11,172.906,32.892,208.870,113.901,1,-1,-1,-1
338,13,201.810,161.156,118.521,85.224,1,-1,-1,-1
338,15,146.278,41.353,235.130,103.175,1,-1,-1,-1
339,10,230.614,-15.528,309.305,243.251,1,-1,-1,-1
339,11,173.080,26.875,210.495,114.786,1,-1,-1,-1
339,13,204.424,162.481,118.046,84.761,1,-1,-1,-1
339,15,147.433,39.911,235.679,103.416,1,-1,-1,-1
340,10,234.372,-18.496,312.130,245.473,1,-1,-1,-1
340,11,180.722,39.956,209.946,112.724,1,-1,-1,-1
340,13,209.076,163.958,116.726,83.363,1,-1,-1,-1
340,15,148.588,38.468,236.229,103.657,1,-1,-1,-1
341,11,181.546,35.326,211.198,113.395,1,-1,-1,-1
341,13,213.434,164.257,117.254,83.369,1,-1,-1,-1
341,15,149.743,37.026,236.778,103.898,1,-1,-1,-1
342,11,188.231,38.254,206.282,109.514,1,-1,-1,-1
342,13,214.580,164.036,118.610,84.076,1,-1,-1,-1
342,15,150.898,35.584,237.328,104.139,1,-1,-1,-1
343,11,189.936,34.438,209.908,111.676,1,-1,-1,-1
343,13,215.244,162.908,117.867,83.155,1,-1,-1,-1
343,15,152.053,34.141,237.877,104.381,1,-1,-1,-1
344,11,191.363,30.471,210.782,112.140,1,-1,-1,-1
344,13,215.878,161.445,117.440,82.388,1,-1,-1,-1
344,15,153.208,32.699,238.427,104.622,1,-1,-1,-1
345,11,188.044,18.598,229.621,122.745,1,-1,-1,-1
345,13,218.729,157.933,118.075,82.449,1,-1,-1,-1
345,15,154.362,31.257,238.976,104.863,1,-1,-1,-1
346,11,200.894,27.386,212.837,111.987,1,-1,-1,-1
346,13,217.195,154.834,121.573,84.811,1,-1,-1,-1
346,15,155.517,29.814,239.526,105.104,1,-1,-1,-1
347,11,203.071,23.904,213.449,112.308,1,-1,-1,-1
347,13,220.047,150.776,122.127,84.801,1,-1,-1,-1
347,15,156.672,28.372,240.075,105.345,1,-1,-1,-1
348,11,191.553,10.356,237.512,126.391,1,-1,-1,-1
348,13,224.132,148.202,121.608,84.091,1,-1,-1,-1
348,15,157.827,26.930,240.624,105.586,1,-1,-1,-1
349,11,192.228,5.856,240.730,128.103,1,-1,-1,-1
349,13,227.751,146.838,120.462,82.912,1,-1,-1,-1
349,15,158.982,25.487,241.174,105.827,1,-1,-1,-1
350,11,192.183,0.324,249.610,133.577,1,-1,-1,-1
350,13,230.519,145.923,121.196,83.176,1,-1,-1,-1
350,15,160.137,24.045,241.723,106.068,1,-1,-1,-1
351,11,194.060,-1.472,255.235,137.048,1,-1,-1,-1
351,13,236.279,145.845,119.253,81.561,1,-1,-1,-1
351,15,161.292,22.602,242.273,106.310,1,-1,-1,-1
352,11,194.704,-5.815,259.291,139.225,1,-1,-1,-1
352,13,241.578,146.059,117.436,79.655,1,-1,-1,-1
352,15,162.446,21.160,242.822,106.551,1,-1,-1,-1
353,11,195.348,-10.158,263.347,141.402,1,-1,-1,-1
353,13,248.818,146.669,115.129,77.543,1,-1,-1,-1
353,15,163.601,19.718,243.372,106.792,1,-1,-1,-1
354,11,195.992,-14.501,267.403,143.579,1,-1,-1,-1
354,13,254.223,147.641,113.005,75.435,1,-1,-1,-1
354,15,164.756,18.275,243.921,107.033,1,-1,-1,-1
355,11,196.635,-18.844,271.460,145.756,1,-1,-1,-1
355,13,258.028,148.161,112.116,73.834,1,-1,-1,-1
355,15,165.911,16.833,244.471,107.274,1,-1,-1,-1
356,11,197.279,-23.187,275.516,147.933,1,-1,-1,-1
356,13,264.352,147.603,111.901,72.971,1,-1,-1,-1
356,15,167.066,15.391,245.020,107.515,1,-1,-1,-1
357,11,197.923,-27.530,279.572,150.110,1,-1,-1,-1
357,13,265.746,148.054,113.146,72.813,1,-1,-1,-1
357,15,167.339,0.106,285.292,120.985,1,-1,-1,-1
358,11,198.567,-31.873,283.629,152.287,1,-1,-1,-1
358,13,270.227,150.785,111.999,70.940,1,-1,-1,-1
358,15,180.752,-0.668,293.603,122.440,1,-1,-1,-1
359,11,199.211,-36.216,287.685,154.464,1,-1,-1,-1
359,13,272.100,156.826,115.449,72.343,1,-1,-1,-1
359,15,181.515,-0.920,300.442,124.862,1,-1,-1,-1
360,11,199.854,-40.559,291.742,156.641,1,-1,-1,-1
360,13,280.648,161.101,114.169,71.040,1,-1,-1,-1
360,15,180.913,-0.951,309.092,129.157,1,-1,-1,-1
361,11,200.498,-44.902,295.798,158.818,1,-1,-1,-1
361,13,283.294,163.868,115.440,71.594,1,-1,-1,-1
361,15,184.002,-0.908,319.033,133.002,1,-1,-1,-1
362,11,201.142,-49.245,299.855,160.995,1,-1,-1,-1
362,13,289.012,169.319,109.640,67.138,1,-1,-1,-1
362,15,188.807,-0.835,326.623,136.003,1,-1,-1,-1
363,11,280.236,11.668,248.042,134.537,1,-1,-1,-1
363,13,291.248,175.173,110.064,66.665,1,-1,-1,-1
363,15,191.229,-2.136,330.889,137.779,1,-1,-1,-1
364,11,291.748,21.896,233.039,125.781,1,-1,-1,-1
364,13,293.353,178.666,112.798,68.396,1,-1,-1,-1
364,15,193.650,-3.437,335.155,139.556,1,-1,-1,-1
365,11,302.385,28.517,223.283,118.035,1,-1,-1,-1
365,13,296.923,182.801,110.624,66.582,1,-1,-1,-1
365,15,196.072,-4.738,339.422,141.332,1,-1,-1,-1
366,11,299.334,32.043,230.663,121.424,1,-1,-1,-1
366,13,299.611,188.891,107.842,63.879,1,-1,-1,-1
366,15,198.494,-6.039,343.688,143.108,1,-1,-1,-1
367,11,296.397,35.970,232.121,120.676,1,-1,-1,-1
367,13,299.794,194.435,112.450,66.783,1,-1,-1,-1
367,15,200.916,-7.341,347.954,144.884,1,-1,-1,-1
368,11,285.377,26.415,263.760,140.483,1,-1,-1,-1
368,13,299.681,197.795,116.902,69.692,1,-1,-1,-1
368,15,203.338,-8.642,352.220,146.661,1,-1,-1,-1
369,11,287.419,30.293,258.984,139.865,1,-1,-1,-1
369,13,299.506,203.540,113.692,67.444,1,-1,-1,-1
369,15,205.760,-9.943,356.487,148.437,1,-1,-1,-1
370,11,298.951,41.585,240.371,129.342,1,-1,-1,-1
370,13,301.446,208.868,115.009,68.622,1,-1,-1,-1
370,15,208.181,-11.244,360.753,150.213,1,-1,-1,-1
371,11,301.893,43.584,241.252,129.815,1,-1,-1,-1
371,13,302.311,213.861,115.597,69.292,1,-1,-1,-1
371,15,210.603,-12.545,365.019,151.990,1,-1,-1,-1
372,11,302.877,44.967,260.289,140.957,1,-1,-1,-1
372,13,299.592,219.458,120.255,72.799,1,-1,-1,-1
372,15,213.025,-13.846,369.286,153.766,1,-1,-1,-1
373,11,303.859,55.440,255.663,139.047,1,-1,-1,-1
373,13,296.296,224.213,119.788,73.436,1,-1,-1,-1
373,15,215.447,-15.147,373.552,155.542,1,-1,-1,-1
374,11,312.927,63.926,243.443,130.959,1,-1,-1,-1
374,13,293.794,228.225,120.121,74.825,1,-1,-1,-1
374,15,217.869,-16.449,377.818,157.318,1,-1,-1,-1
375,11,298.700,63.019,253.787,135.545,1,-1,-1,-1
375,13,284.756,231.001,121.838,77.873,1,-1,-1,-1
375,15,220.290,-17.750,382.085,159.095,1,-1,-1,-1
376,11,294.516,65.468,250.558,132.022,1,-1,-1,-1
376,13,281.223,232.993,118.348,77.749,1,-1,-1,-1
376,15,222.712,-19.051,386.351,160.871,1,-1,-1,-1
377,11,286.088,57.394,263.334,137.206,1,-1,-1,-1
377,13,280.405,236.842,119.288,78.366,1,-1,-1,-1
377,15,225.134,-20.352,390.617,162.647,1,-1,-1,-1
378,11,286.144,59.032,264.972,138.057,1,-1,-1,-1
378,13,279.587,240.690,120.229,78.984,1,-1,-1,-1
378,15,269.332,62.962,306.844,129.155,1,-1,-1,-1
379,11,286.200,60.669,266.609,138.909,1,-1,-1,-1
379,13,278.769,244.539,121.170,79.601,1,-1,-1,-1
379,15,263.212,62.672,319.066,135.600,1,-1,-1,-1
380,11,286.256,62.306,268.246,139.761,1,-1,-1,-1
380,13,277.951,248.387,122.111,80.218,1,-1,-1,-1
380,15,266.588,65.684,320.256,136.105,1,-1,-1,-1
381,11,286.311,63.943,269.884,140.613,1,-1,-1,-1
381,13,279.329,231.654,119.147,79.663,1,-1,-1,-1
381,15,269.964,68.695,321.445,136.611,1,-1,-1,-1
382,11,286.367,65.581,271.521,141.464,1,-1,-1,-1
382,13,284.984,228.711,113.179,76.630,1,-1,-1,-1
382,15,273.340,71.707,322.635,137.116,1,-1,-1,-1
383,11,286.423,67.218,273.158,142.316,1,-1,-1,-1
383,13,284.808,230.355,113.446,76.810,1,-1,-1,-1
383,15,265.707,56.046,309.262,131.790,1,-1,-1,-1
384,11,283.208,58.721,226.525,116.193,1,-1,-1,-1
384,13,282.105,219.121,110.543,75.192,1,-1,-1,-1
384,15,267.837,57.022,308.957,131.660,1,-1,-1,-1
385,11,272.298,46.297,241.450,124.553,1,-1,-1,-1
385,13,281.414,213.902,109.474,74.998,1,-1,-1,-1
385,15,269.967,57.999,308.652,131.530,1,-1,-1,-1
386,11,270.959,45.641,241.015,124.327,1,-1,-1,-1
386,13,282.045,211.486,102.612,70.361,1,-1,-1,-1
386,15,272.097,58.976,308.347,131.400,1,-1,-1,-1
387,11,269.619,44.985,240.580,124.102,1,-1,-1,-1
387,13,281.691,208.328,96.362,65.411,1,-1,-1,-1
387,15,274.227,59.953,308.042,131.270,1,-1,-1,-1
388,11,268.280,44.329,240.145,123.876,1,-1,-1,-1
388,13,276.569,202.890,98.355,66.918,1,-1,-1,-1
388,15,276.357,60.929,307.737,131.140,1,-1,-1,-1
389,11,266.940,43.673,239.710,123.651,1,-1,-1,-1
389,13,273.771,200.976,98.286,67.169,1,-1,-1,-1
389,15,278.487,61.906,307.432,131.010,1,-1,-1,-1
389,17,277.556,21.654,254.170,158.969,1,-1,-1,-1
390,11,265.601,43.017,239.275,123.425,1,-1,-1,-1
390,13,269.356,197.205,101.503,69.992,1,-1,-1,-1
390,15,280.617,62.883,307.127,130.880,1,-1,-1,-1
390,17,268.508,12.081,261.668,163.528,1,-1,-1,-1
