3,1,396.449,196.790,291.790,197.894,1,-1,-1,-1
4,1,401.251,197.215,287.417,194.757,1,-1,-1,-1
5,1,414.881,206.054,267.788,180.212,1,-1,-1,-1
6,1,417.876,214.890,263.927,176.551,1,-1,-1,-1
7,1,424.020,219.357,260.740,172.576,1,-1,-1,-1
8,1,424.796,220.757,262.167,171.689,1,-1,-1,-1
9,1,428.977,218.748,259.639,166.775,1,-1,-1,-1
10,1,425.754,215.678,276.343,175.075,1,-1,-1,-1
11,1,419.363,209.688,298.633,188.005,1,-1,-1,-1
12,1,415.136,208.692,312.468,195.792,1,-1,-1,-1
13,1,414.703,208.117,318.241,198.582,1,-1,-1,-1
14,1,413.059,207.454,322.744,200.752,1,-1,-1,-1
15,1,413.342,203.992,326.570,202.953,1,-1,-1,-1
16,1,410.828,199.604,336.684,210.344,1,-1,-1,-1
17,1,415.416,198.136,331.813,206.901,1,-1,-1,-1
18,1,436.510,194.333,286.180,174.138,1,-1,-1,-1
19,1,414.672,196.637,325.148,199.724,1,-1,-1,-1
20,1,412.471,202.797,328.293,202.807,1,-1,-1,-1
21,1,416.804,213.913,314.244,194.264,1,-1,-1,-1
22,1,416.418,224.769,306.533,190.122,1,-1,-1,-1
23,1,431.858,232.744,264.064,161.289,1,-1,-1,-1
24,1,413.651,235.163,285.850,176.776,1,-1,-1,-1
25,1,422.327,236.868,256.213,158.011,1,-1,-1,-1
26,1,424.001,237.281,248.622,153.236,1,-1,-1,-1
27,1,424.723,239.636,243.278,149.942,1,-1,-1,-1
27,3,360.242,158.270,473.588,223.092,1,-1,-1,-1
28,1,425.445,241.991,237.934,146.648,1,-1,-1,-1
28,3,384.749,170.625,431.856,204.082,1,-1,-1,-1
29,1,426.167,244.345,232.590,143.354,1,-1,-1,-1
29,3,395.769,188.682,412.420,196.001,1,-1,-1,-1
30,1,426.889,246.700,227.246,140.061,1,-1,-1,-1
30,3,382.924,195.597,437.799,210.610,1,-1,-1,-1
31,1,427.611,249.055,221.902,136.767,1,-1,-1,-1
31,3,378.884,198.589,442.156,215.629,1,-1,-1,-1
32,1,428.333,251.409,216.558,133.473,1,-1,-1,-1
32,3,380.723,199.464,437.241,216.242,1,-1,-1,-1
33,1,429.055,253.764,211.214,130.179,1,-1,-1,-1
33,3,370.544,208.802,444.690,223.756,1,-1,-1,-1
34,1,429.777,256.119,205.870,126.886,1,-1,-1,-1
34,3,362.912,214.818,459.816,231.367,1,-1,-1,-1
35,1,430.499,258.474,200.526,123.592,1,-1,-1,-1
35,3,355.279,220.835,474.943,238.978,1,-1,-1,-1
36,1,431.848,215.564,286.710,172.522,1,-1,-1,-1
36,3,347.646,226.852,490.070,246.590,1,-1,-1,-1
37,1,460.007,222.842,236.537,129.028,1,-1,-1,-1
37,3,340.013,232.868,505.196,254.201,1,-1,-1,-1
38,1,476.681,226.852,211.405,107.689,1,-1,-1,-1
38,3,332.380,238.885,520.323,261.812,1,-1,-1,-1
39,1,479.736,231.089,199.326,95.907,1,-1,-1,-1
39,3,324.747,244.902,535.450,269.424,1,-1,-1,-1
39,5,432.398,242.780,218.114,149.699,1,-1,-1,-1
40,1,487.097,231.724,187.170,90.058,1,-1,-1,-1
40,3,317.115,250.918,550.576,277.035,1,-1,-1,-1
40,5,437.214,238.707,225.618,153.929,1,-1,-1,-1
41,1,494.458,232.359,175.015,84.208,1,-1,-1,-1
41,3,309.482,256.935,565.703,284.647,1,-1,-1,-1
41,5,468.146,235.690,170.964,112.113,1,-1,-1,-1
42,1,501.819,232.993,162.859,78.359,1,-1,-1,-1
42,3,301.849,262.952,580.829,292.258,1,-1,-1,-1
42,5,472.424,226.126,162.058,102.802,1,-1,-1,-1
43,1,509.180,233.628,150.703,72.510,1,-1,-1,-1
43,3,294.216,268.968,595.956,299.869,1,-1,-1,-1
43,5,458.804,222.751,187.537,116.613,1,-1,-1,-1
44,1,516.541,234.263,138.547,66.661,1,-1,-1,-1
44,3,286.583,274.985,611.082,307.481,1,-1,-1,-1
44,5,454.102,221.833,196.989,120.008,1,-1,-1,-1
45,1,523.902,234.897,126.391,60.812,1,-1,-1,-1
45,3,278.951,281.001,626.209,315.092,1,-1,-1,-1
45,5,433.754,231.924,230.484,140.052,1,-1,-1,-1
46,1,531.263,235.532,114.235,54.963,1,-1,-1,-1
46,3,271.318,287.018,641.336,322.703,1,-1,-1,-1
46,5,430.718,237.003,237.473,143.226,1,-1,-1,-1
47,1,538.625,236.167,102.078,49.113,1,-1,-1,-1
47,3,263.685,293.035,656.462,330.315,1,-1,-1,-1
47,5,427.472,240.003,245.171,147.038,1,-1,-1,-1
48,1,545.986,236.801,89.922,43.264,1,-1,-1,-1
48,3,256.052,299.051,671.589,337.926,1,-1,-1,-1
48,5,420.691,241.138,256.196,153.511,1,-1,-1,-1
49,1,553.348,237.436,77.765,37.415,1,-1,-1,-1
49,3,248.419,305.068,686.715,345.537,1,-1,-1,-1
49,5,416.444,240.895,261.743,156.868,1,-1,-1,-1
50,1,560.709,238.071,65.608,31.566,1,-1,-1,-1
50,3,240.787,311.085,701.842,353.149,1,-1,-1,-1
50,5,410.857,239.071,271.756,163.911,1,-1,-1,-1
51,1,568.071,238.705,53.452,25.717,1,-1,-1,-1
51,3,233.154,317.101,716.968,360.760,1,-1,-1,-1
51,5,410.194,238.377,272.277,165.010,1,-1,-1,-1
52,1,575.432,239.340,41.294,19.868,1,-1,-1,-1
52,3,405.637,238.452,276.368,140.961,1,-1,-1,-1
52,5,408.133,238.323,277.155,167.966,1,-1,-1,-1
53,1,582.794,239.975,29.137,14.018,1,-1,-1,-1
53,3,357.340,232.204,375.709,204.931,1,-1,-1,-1
53,5,406.071,238.269,282.032,170.922,1,-1,-1,-1
54,1,590.156,240.610,16.980,8.169,1,-1,-1,-1
54,3,360.088,230.994,367.600,211.514,1,-1,-1,-1
54,5,404.010,238.215,286.910,173.878,1,-1,-1,-1
55,1,597.518,241.244,4.822,2.320,1,-1,-1,-1
55,3,365.134,228.903,360.908,216.689,1,-1,-1,-1
55,5,401.948,238.161,291.788,176.834,1,-1,-1,-1
56,1,604.880,241.879,-7.335,-3.529,1,-1,-1,-1
56,3,370.187,226.556,353.435,219.978,1,-1,-1,-1
56,5,399.887,238.107,296.665,179.790,1,-1,-1,-1
57,1,612.242,242.514,-19.493,-9.378,1,-1,-1,-1
57,3,375.728,225.786,344.113,220.631,1,-1,-1,-1
57,5,397.825,238.053,301.543,182.746,1,-1,-1,-1
58,1,619.604,243.148,-31.651,-15.227,1,-1,-1,-1
58,3,382.748,227.262,334.750,219.377,1,-1,-1,-1
58,5,395.764,237.999,306.420,185.702,1,-1,-1,-1
59,1,626.966,243.783,-43.809,-21.077,1,-1,-1,-1
59,3,390.112,233.021,320.434,213.292,1,-1,-1,-1
59,5,393.702,237.945,311.298,188.658,1,-1,-1,-1
60,1,634.329,244.418,-55.967,-26.926,1,-1,-1,-1
60,3,400.661,234.983,304.482,204.235,1,-1,-1,-1
60,5,391.641,237.891,316.176,191.613,1,-1,-1,-1
61,1,641.691,245.052,-68.126,-32.775,1,-1,-1,-1
61,3,410.996,241.425,286.407,191.896,1,-1,-1,-1
61,5,389.579,237.837,321.053,194.569,1,-1,-1,-1
62,1,649.053,245.687,-80.284,-38.624,1,-1,-1,-1
62,3,412.147,242.894,284.917,190.899,1,-1,-1,-1
62,5,413.808,239.919,252.128,152.689,1,-1,-1,-1
63,1,656.416,246.322,-92.443,-44.473,1,-1,-1,-1
63,3,413.297,244.363,283.427,189.901,1,-1,-1,-1
63,5,409.690,240.605,282.213,172.487,1,-1,-1,-1
64,1,663.778,246.956,-104.602,-50.323,1,-1,-1,-1
64,3,414.447,245.832,281.937,188.904,1,-1,-1,-1
64,5,408.920,225.302,298.725,184.194,1,-1,-1,-1
65,1,671.141,247.591,-116.761,-56.172,1,-1,-1,-1
65,3,415.598,247.301,280.448,187.907,1,-1,-1,-1
65,5,426.163,236.191,265.718,159.805,1,-1,-1,-1
66,1,420.543,245.941,275.260,132.159,1,-1,-1,-1
66,3,416.748,248.770,278.958,186.910,1,-1,-1,-1
66,5,427.549,235.921,266.004,159.977,1,-1,-1,-1
67,1,420.852,246.160,274.045,129.772,1,-1,-1,-1
67,3,417.899,250.238,277.468,185.913,1,-1,-1,-1
67,5,428.935,235.651,266.290,160.148,1,-1,-1,-1
68,1,435.396,246.582,276.811,123.343,1,-1,-1,-1
68,3,419.049,251.707,275.978,184.916,1,-1,-1,-1
68,5,430.321,235.380,266.576,160.320,1,-1,-1,-1
69,1,439.575,247.107,281.982,120.448,1,-1,-1,-1
69,3,420.199,253.176,274.489,183.919,1,-1,-1,-1
69,5,431.707,235.110,266.861,160.492,1,-1,-1,-1
70,1,433.660,244.555,293.217,122.721,1,-1,-1,-1
70,3,421.350,254.645,272.999,182.922,1,-1,-1,-1
70,5,433.093,234.840,267.147,160.664,1,-1,-1,-1
71,1,428.903,244.954,294.999,121.922,1,-1,-1,-1
71,3,422.500,256.114,271.509,181.925,1,-1,-1,-1
71,5,434.479,234.570,267.433,160.836,1,-1,-1,-1
72,1,425.256,247.413,292.812,119.880,1,-1,-1,-1
72,3,423.650,257.583,270.019,180.928,1,-1,-1,-1
72,5,435.865,234.300,267.719,161.007,1,-1,-1,-1
73,1,421.658,247.559,293.766,120.041,1,-1,-1,-1
73,3,424.801,259.052,268.530,179.931,1,-1,-1,-1
73,5,437.251,234.030,268.004,161.179,1,-1,-1,-1
74,1,420.830,248.685,289.757,117.979,1,-1,-1,-1
74,3,425.951,260.521,267.040,178.933,1,-1,-1,-1
74,5,438.637,233.760,268.290,161.351,1,-1,-1,-1
75,1,415.568,247.465,297.969,121.683,1,-1,-1,-1
75,3,427.101,261.990,265.551,177.936,1,-1,-1,-1
75,5,440.024,233.490,268.576,161.523,1,-1,-1,-1
76,1,417.085,247.847,291.733,119.006,1,-1,-1,-1
76,3,428.252,263.458,264.061,176.939,1,-1,-1,-1
76,5,441.410,233.220,268.862,161.694,1,-1,-1,-1
77,1,414.637,246.821,291.649,119.278,1,-1,-1,-1
77,3,429.402,264.927,262.571,175.942,1,-1,-1,-1
77,5,442.796,232.950,269.147,161.866,1,-1,-1,-1
78,1,411.793,247.658,292.964,120.229,1,-1,-1,-1
78,3,430.552,266.396,261.082,174.945,1,-1,-1,-1
78,5,444.182,232.680,269.433,162.038,1,-1,-1,-1
79,1,406.521,247.362,299.038,123.798,1,-1,-1,-1
79,3,431.702,267.865,259.592,173.948,1,-1,-1,-1
79,5,445.568,232.409,269.719,162.210,1,-1,-1,-1
80,1,399.220,246.730,307.298,128.869,1,-1,-1,-1
80,3,432.853,269.334,258.103,172.951,1,-1,-1,-1
80,5,446.954,232.139,270.005,162.382,1,-1,-1,-1
81,1,402.620,247.754,298.885,126.097,1,-1,-1,-1
81,3,434.003,270.803,256.613,171.954,1,-1,-1,-1
81,5,448.340,231.869,270.290,162.553,1,-1,-1,-1
82,1,401.370,246.792,297.259,126.474,1,-1,-1,-1
82,3,435.153,272.272,255.124,170.957,1,-1,-1,-1
82,5,449.726,231.599,270.576,162.725,1,-1,-1,-1
83,1,400.988,246.398,291.144,124.811,1,-1,-1,-1
83,3,436.303,273.741,253.634,169.960,1,-1,-1,-1
83,5,451.112,231.329,270.862,162.897,1,-1,-1,-1
84,1,396.644,246.475,288.664,124.569,1,-1,-1,-1
84,3,437.454,275.209,252.145,168.962,1,-1,-1,-1
84,5,452.498,231.059,271.148,163.069,1,-1,-1,-1
85,1,392.898,247.477,286.803,124.620,1,-1,-1,-1
85,3,438.604,276.678,250.655,167.965,1,-1,-1,-1
85,5,453.884,230.789,271.433,163.240,1,-1,-1,-1
86,1,390.660,246.980,285.185,124.786,1,-1,-1,-1
86,3,439.754,278.147,249.166,166.968,1,-1,-1,-1
86,5,455.270,230.519,271.719,163.412,1,-1,-1,-1
87,1,389.482,246.535,285.665,125.922,1,-1,-1,-1
87,3,440.904,279.616,247.677,165.971,1,-1,-1,-1
87,5,456.656,230.249,272.005,163.584,1,-1,-1,-1
88,1,387.529,246.865,282.341,125.396,1,-1,-1,-1
88,3,442.055,281.085,246.187,164.974,1,-1,-1,-1
88,5,458.042,229.979,272.291,163.756,1,-1,-1,-1
89,1,383.338,246.552,282.670,126.783,1,-1,-1,-1
89,3,443.205,282.554,244.698,163.977,1,-1,-1,-1
89,5,459.428,229.709,272.576,163.928,1,-1,-1,-1
90,1,381.435,248.533,278.283,125.786,1,-1,-1,-1
90,3,444.355,284.023,243.208,162.980,1,-1,-1,-1
90,5,460.814,229.438,272.862,164.099,1,-1,-1,-1
91,1,378.144,247.415,280.243,127.757,1,-1,-1,-1
91,3,445.505,285.492,241.719,161.983,1,-1,-1,-1
91,5,462.200,229.168,273.148,164.271,1,-1,-1,-1
92,1,374.882,247.505,281.287,128.233,1,-1,-1,-1
92,5,390.737,253.330,211.609,125.765,1,-1,-1,-1
93,1,371.621,247.594,282.332,128.708,1,-1,-1,-1
93,5,388.685,253.279,213.672,126.540,1,-1,-1,-1
94,1,368.360,247.684,283.376,129.183,1,-1,-1,-1
94,5,388.374,250.257,221.463,130.208,1,-1,-1,-1
95,1,365.098,247.773,284.420,129.659,1,-1,-1,-1
95,5,387.740,248.949,228.408,131.883,1,-1,-1,-1
96,1,361.837,247.863,285.464,130.134,1,-1,-1,-1
96,5,387.025,248.721,228.474,131.921,1,-1,-1,-1
97,1,358.575,247.952,286.508,130.609,1,-1,-1,-1
97,5,383.941,243.453,238.902,137.120,1,-1,-1,-1
98,1,355.314,248.042,287.553,131.085,1,-1,-1,-1
98,5,382.153,242.452,241.759,138.123,1,-1,-1,-1
99,1,352.052,248.131,288.597,131.560,1,-1,-1,-1
99,5,381.050,241.888,243.372,138.588,1,-1,-1,-1
100,1,348.791,248.221,289.641,132.035,1,-1,-1,-1
100,5,379.537,241.567,244.718,139.076,1,-1,-1,-1
101,1,345.530,248.310,290.685,132.511,1,-1,-1,-1
101,5,378.097,241.372,245.642,139.479,1,-1,-1,-1
102,1,342.268,248.400,291.730,132.986,1,-1,-1,-1
102,5,377.513,242.130,243.855,138.567,1,-1,-1,-1
103,1,339.007,248.490,292.774,133.461,1,-1,-1,-1
103,5,376.283,242.347,243.574,138.547,1,-1,-1,-1
104,1,335.745,248.579,293.818,133.937,1,-1,-1,-1
104,5,378.690,242.871,238.343,135.838,1,-1,-1,-1
105,1,332.484,248.669,294.863,134.412,1,-1,-1,-1
105,5,385.162,243.605,221.456,124.302,1,-1,-1,-1
106,1,380.728,245.313,227.434,102.997,1,-1,-1,-1
106,5,385.520,243.357,219.232,123.053,1,-1,-1,-1
107,1,385.501,245.478,217.777,97.475,1,-1,-1,-1
107,5,385.878,243.108,217.007,121.804,1,-1,-1,-1
108,1,391.483,246.596,211.688,94.471,1,-1,-1,-1
108,5,386.236,242.860,214.783,120.555,1,-1,-1,-1
109,1,391.512,247.267,213.089,95.934,1,-1,-1,-1
109,5,386.595,242.611,212.558,119.306,1,-1,-1,-1
110,1,386.515,246.740,219.819,99.997,1,-1,-1,-1
110,5,386.953,242.363,210.334,118.057,1,-1,-1,-1
111,1,384.395,245.434,223.718,102.730,1,-1,-1,-1
111,5,387.311,242.115,208.110,116.808,1,-1,-1,-1
112,1,381.831,241.014,230.204,106.954,1,-1,-1,-1
112,5,387.669,241.866,205.885,115.560,1,-1,-1,-1
113,1,379.094,237.933,235.177,110.854,1,-1,-1,-1
113,5,388.027,241.618,203.660,114.311,1,-1,-1,-1
114,1,377.234,236.836,238.407,113.898,1,-1,-1,-1
114,5,388.386,241.370,201.436,113.062,1,-1,-1,-1
115,1,373.303,233.864,244.507,118.711,1,-1,-1,-1
115,5,388.744,241.121,199.211,111.813,1,-1,-1,-1
116,1,371.279,232.685,247.592,120.208,1,-1,-1,-1
116,5,381.010,231.840,224.199,127.030,1,-1,-1,-1
117,1,369.255,231.506,250.676,121.706,1,-1,-1,-1
117,5,381.294,231.245,223.840,127.791,1,-1,-1,-1
118,1,367.231,230.326,253.760,123.203,1,-1,-1,-1
118,5,380.973,230.379,223.846,127.794,1,-1,-1,-1
119,1,365.206,229.147,256.845,124.701,1,-1,-1,-1
119,5,380.653,229.513,223.852,127.797,1,-1,-1,-1
120,1,363.182,227.968,259.929,126.199,1,-1,-1,-1
120,5,382.695,233.593,222.924,127.580,1,-1,-1,-1
121,1,361.158,226.788,263.013,127.696,1,-1,-1,-1
121,5,379.892,232.713,227.492,131.084,1,-1,-1,-1
122,1,359.134,225.609,266.098,129.194,1,-1,-1,-1
122,5,377.375,232.445,231.226,134.480,1,-1,-1,-1
123,1,357.110,224.430,269.182,130.691,1,-1,-1,-1
123,5,376.379,231.885,232.694,136.447,1,-1,-1,-1
124,1,355.086,223.250,272.266,132.189,1,-1,-1,-1
124,5,370.337,232.234,244.699,145.888,1,-1,-1,-1
125,1,353.062,222.071,275.350,133.686,1,-1,-1,-1
125,5,360.457,229.016,262.684,160.874,1,-1,-1,-1
126,1,351.038,220.891,278.435,135.184,1,-1,-1,-1
126,5,357.793,228.382,267.463,163.801,1,-1,-1,-1
127,1,349.014,219.712,281.519,136.681,1,-1,-1,-1
127,5,355.129,227.749,272.241,166.728,1,-1,-1,-1
128,1,346.990,218.533,284.603,138.179,1,-1,-1,-1
128,5,352.465,227.116,277.020,169.655,1,-1,-1,-1
129,1,344.966,217.353,287.687,139.676,1,-1,-1,-1
129,5,349.801,226.483,281.798,172.582,1,-1,-1,-1
129,6,377.380,220.940,210.784,175.667,1,-1,-1,-1
130,1,342.942,216.174,290.772,141.174,1,-1,-1,-1
130,5,347.137,225.850,286.576,175.509,1,-1,-1,-1
130,6,383.241,217.038,204.086,169.833,1,-1,-1,-1
131,1,340.918,214.995,293.856,142.672,1,-1,-1,-1
131,5,344.473,225.217,291.355,178.436,1,-1,-1,-1
131,6,386.930,214.019,198.997,165.248,1,-1,-1,-1
132,1,338.894,213.815,296.940,144.169,1,-1,-1,-1
132,5,341.809,224.584,296.133,181.363,1,-1,-1,-1
132,6,386.406,208.363,199.946,165.633,1,-1,-1,-1
133,1,336.870,212.636,300.024,145.667,1,-1,-1,-1
133,5,339.145,223.951,300.912,184.290,1,-1,-1,-1
133,6,390.654,208.576,190.760,156.878,1,-1,-1,-1
134,1,334.846,211.457,303.109,147.164,1,-1,-1,-1
134,5,336.481,223.318,305.690,187.217,1,-1,-1,-1
134,6,393.593,208.129,186.708,152.195,1,-1,-1,-1
135,1,332.822,210.277,306.193,148.662,1,-1,-1,-1
135,5,333.817,222.685,310.468,190.144,1,-1,-1,-1
135,6,394.476,208.168,185.798,150.092,1,-1,-1,-1
136,1,330.797,209.098,309.277,150.159,1,-1,-1,-1
136,5,331.154,222.052,315.247,193.071,1,-1,-1,-1
136,6,396.277,204.745,191.841,153.213,1,-1,-1,-1
137,1,328.773,207.918,312.361,151.657,1,-1,-1,-1
137,5,378.724,196.279,269.301,166.080,1,-1,-1,-1
137,6,398.899,202.865,189.064,150.995,1,-1,-1,-1
138,1,326.749,206.739,315.445,153.154,1,-1,-1,-1
138,5,379.080,194.109,271.082,167.178,1,-1,-1,-1
138,6,401.520,200.985,186.287,148.778,1,-1,-1,-1
139,1,324.725,205.560,318.530,154.652,1,-1,-1,-1
139,5,390.032,195.644,266.727,163.796,1,-1,-1,-1
139,6,404.142,199.106,183.511,146.560,1,-1,-1,-1
140,1,322.701,204.380,321.614,156.150,1,-1,-1,-1
140,5,391.437,196.100,265.348,161.397,1,-1,-1,-1
140,6,406.764,197.226,180.734,144.342,1,-1,-1,-1
141,1,320.677,203.201,324.698,157.647,1,-1,-1,-1
141,5,392.065,196.777,264.748,159.653,1,-1,-1,-1
141,6,409.386,195.347,177.957,142.125,1,-1,-1,-1
142,1,318.653,202.022,327.782,159.145,1,-1,-1,-1
142,5,392.309,195.785,265.578,159.221,1,-1,-1,-1
142,6,412.007,193.467,175.181,139.907,1,-1,-1,-1
143,1,316.629,200.842,330.866,160.642,1,-1,-1,-1
143,5,391.355,194.448,264.063,158.064,1,-1,-1,-1
143,6,414.629,191.588,172.404,137.690,1,-1,-1,-1
144,1,314.605,199.663,333.951,162.140,1,-1,-1,-1
144,5,390.159,194.395,260.299,156.259,1,-1,-1,-1
144,6,417.251,189.708,169.627,135.472,1,-1,-1,-1
145,1,312.581,198.484,337.035,163.637,1,-1,-1,-1
145,5,392.568,197.149,250.003,149.552,1,-1,-1,-1
145,6,419.873,187.829,166.851,133.254,1,-1,-1,-1
146,5,394.738,200.931,242.538,144.548,1,-1,-1,-1
146,6,422.494,185.949,164.074,131.037,1,-1,-1,-1
147,5,395.649,202.279,238.603,141.727,1,-1,-1,-1
147,6,425.116,184.070,161.297,128.819,1,-1,-1,-1
148,5,395.346,201.338,233.403,138.526,1,-1,-1,-1
148,6,427.738,182.190,158.521,126.602,1,-1,-1,-1
149,5,391.540,197.884,229.581,136.636,1,-1,-1,-1
149,6,430.359,180.311,155.744,124.384,1,-1,-1,-1
150,5,393.772,193.596,216.367,128.416,1,-1,-1,-1
150,6,432.981,178.431,152.967,122.166,1,-1,-1,-1
151,5,391.309,191.938,213.572,127.024,1,-1,-1,-1
151,6,435.603,176.552,150.191,119.949,1,-1,-1,-1
152,5,390.479,191.098,210.027,125.192,1,-1,-1,-1
152,6,438.225,174.672,147.414,117.731,1,-1,-1,-1
153,5,389.987,190.733,209.801,125.467,1,-1,-1,-1
153,6,440.846,172.793,144.637,115.514,1,-1,-1,-1
154,5,390.113,190.527,208.750,125.002,1,-1,-1,-1
154,6,443.468,170.913,141.861,113.296,1,-1,-1,-1
155,5,388.913,190.234,208.672,125.318,1,-1,-1,-1
155,6,446.090,169.034,139.084,111.078,1,-1,-1,-1
156,5,386.695,189.376,210.912,127.402,1,-1,-1,-1
156,6,448.712,167.154,136.307,108.861,1,-1,-1,-1
157,5,392.315,188.951,200.171,120.309,1,-1,-1,-1
157,6,451.333,165.275,133.531,106.643,1,-1,-1,-1
158,5,384.387,190.633,214.711,130.302,1,-1,-1,-1
158,6,453.955,163.395,130.754,104.426,1,-1,-1,-1
159,5,382.010,190.962,218.736,133.893,1,-1,-1,-1
159,6,456.577,161.516,127.977,102.208,1,-1,-1,-1
160,5,382.058,192.322,219.887,135.539,1,-1,-1,-1
160,6,459.199,159.636,125.201,99.990,1,-1,-1,-1
161,5,383.025,193.457,220.971,137.168,1,-1,-1,-1
161,6,461.820,157.757,122.424,97.773,1,-1,-1,-1
162,5,382.056,193.412,221.513,137.505,1,-1,-1,-1
162,6,394.478,191.315,199.163,156.750,1,-1,-1,-1
163,5,381.087,193.366,222.055,137.842,1,-1,-1,-1
163,6,393.525,192.894,201.849,158.108,1,-1,-1,-1
164,5,380.118,193.321,222.597,138.179,1,-1,-1,-1
164,6,397.046,194.653,195.267,150.580,1,-1,-1,-1
165,5,379.148,193.275,223.139,138.516,1,-1,-1,-1
165,6,395.626,195.406,199.268,153.160,1,-1,-1,-1
166,5,378.179,193.229,223.681,138.853,1,-1,-1,-1
166,6,383.775,194.480,218.597,171.720,1,-1,-1,-1
167,5,377.210,193.184,224.222,139.190,1,-1,-1,-1
167,6,394.889,195.459,197.176,152.518,1,-1,-1,-1
168,5,376.240,193.138,224.764,139.527,1,-1,-1,-1
168,6,394.883,195.429,197.052,152.422,1,-1,-1,-1
169,5,375.271,193.093,225.306,139.864,1,-1,-1,-1
169,6,394.876,195.400,196.928,152.326,1,-1,-1,-1
170,5,374.302,193.047,225.848,140.202,1,-1,-1,-1
170,6,394.869,195.370,196.804,152.230,1,-1,-1,-1
171,5,373.333,193.002,226.390,140.539,1,-1,-1,-1
171,6,394.862,195.341,196.679,152.134,1,-1,-1,-1
172,5,372.363,192.956,226.931,140.876,1,-1,-1,-1
172,6,394.855,195.311,196.555,152.038,1,-1,-1,-1
173,5,371.394,192.910,227.473,141.213,1,-1,-1,-1
173,6,384.649,193.953,226.221,180.024,1,-1,-1,-1
174,5,370.425,192.865,228.015,141.550,1,-1,-1,-1
174,6,388.590,194.159,219.371,177.317,1,-1,-1,-1
175,5,369.456,192.819,228.557,141.887,1,-1,-1,-1
175,6,392.136,194.028,213.340,173.613,1,-1,-1,-1
176,5,368.486,192.774,229.098,142.224,1,-1,-1,-1
176,6,397.649,193.971,204.639,166.178,1,-1,-1,-1
177,5,367.517,192.728,229.640,142.561,1,-1,-1,-1
177,6,399.806,194.227,201.366,163.268,1,-1,-1,-1
178,5,366.548,192.683,230.182,142.898,1,-1,-1,-1
178,6,403.463,194.492,194.921,156.401,1,-1,-1,-1
179,5,365.579,192.637,230.724,143.235,1,-1,-1,-1
179,6,409.406,194.415,184.604,145.299,1,-1,-1,-1
180,5,364.610,192.591,231.266,143.572,1,-1,-1,-1
180,6,417.650,194.453,180.978,138.809,1,-1,-1,-1
181,5,363.640,192.546,231.807,143.909,1,-1,-1,-1
181,6,420.466,194.424,177.819,136.386,1,-1,-1,-1
182,5,414.372,187.040,230.880,138.259,1,-1,-1,-1
182,6,423.282,194.395,174.661,133.963,1,-1,-1,-1
183,5,412.837,187.073,235.499,137.865,1,-1,-1,-1
183,6,426.098,194.366,171.502,131.540,1,-1,-1,-1
184,5,409.516,190.514,225.482,131.625,1,-1,-1,-1
184,6,428.914,194.337,168.343,129.117,1,-1,-1,-1
185,5,412.114,186.877,227.923,131.808,1,-1,-1,-1
185,6,431.730,194.308,165.184,126.694,1,-1,-1,-1
186,5,413.201,187.361,230.546,132.742,1,-1,-1,-1
186,6,434.546,194.279,162.025,124.271,1,-1,-1,-1
187,5,412.793,183.551,232.856,133.650,1,-1,-1,-1
187,6,437.363,194.250,158.866,121.848,1,-1,-1,-1
188,5,410.488,182.860,236.345,135.502,1,-1,-1,-1
188,6,440.179,194.221,155.707,119.425,1,-1,-1,-1
189,5,410.170,183.224,236.002,135.019,1,-1,-1,-1
189,6,442.995,194.192,152.548,117.002,1,-1,-1,-1
190,5,410.674,183.210,233.087,133.071,1,-1,-1,-1
190,6,445.811,194.163,149.389,114.579,1,-1,-1,-1
191,5,410.015,182.590,231.887,132.327,1,-1,-1,-1
191,6,448.627,194.134,146.230,112.156,1,-1,-1,-1
192,5,408.959,182.053,231.459,132.066,1,-1,-1,-1
192,6,451.443,194.105,143.071,109.733,1,-1,-1,-1
193,5,407.292,181.090,231.167,131.929,1,-1,-1,-1
193,6,454.259,194.076,139.912,107.310,1,-1,-1,-1
194,5,406.629,181.883,228.356,130.313,1,-1,-1,-1
194,6,457.075,194.047,136.753,104.887,1,-1,-1,-1
195,5,406.683,182.308,227.081,129.478,1,-1,-1,-1
195,6,459.891,194.018,133.594,102.464,1,-1,-1,-1
196,5,405.166,182.120,227.317,129.552,1,-1,-1,-1
196,6,462.707,193.989,130.435,100.041,1,-1,-1,-1
197,5,402.574,181.644,228.329,130.363,1,-1,-1,-1
197,6,465.524,193.960,127.276,97.618,1,-1,-1,-1
198,5,400.564,182.295,228.806,130.868,1,-1,-1,-1
198,6,468.340,193.931,124.117,95.195,1,-1,-1,-1
199,5,399.168,182.726,230.176,131.910,1,-1,-1,-1
199,6,471.156,193.902,120.958,92.772,1,-1,-1,-1
200,5,397.581,184.023,233.388,134.113,1,-1,-1,-1
200,6,473.972,193.873,117.799,90.349,1,-1,-1,-1
201,5,397.335,184.787,233.653,134.458,1,-1,-1,-1
201,6,476.788,193.844,114.640,87.925,1,-1,-1,-1
202,5,399.484,185.804,230.626,132.820,1,-1,-1,-1
202,6,479.604,193.814,111.481,85.502,1,-1,-1,-1
203,5,400.315,186.946,230.490,133.099,1,-1,-1,-1
203,6,482.420,193.785,108.322,83.079,1,-1,-1,-1
204,5,402.155,186.343,228.183,131.709,1,-1,-1,-1
204,6,485.237,193.756,105.162,80.656,1,-1,-1,-1
205,5,399.011,183.656,234.773,136.022,1,-1,-1,-1
205,6,488.053,193.727,102.003,78.233,1,-1,-1,-1
206,5,395.661,183.924,240.703,140.613,1,-1,-1,-1
206,6,490.869,193.698,98.844,75.810,1,-1,-1,-1
207,5,397.907,185.409,238.060,139.896,1,-1,-1,-1
207,6,493.685,193.669,95.685,73.387,1,-1,-1,-1
208,5,395.725,185.661,242.046,143.671,1,-1,-1,-1
208,6,496.501,193.640,92.526,70.964,1,-1,-1,-1
209,5,395.447,185.803,243.415,146.150,1,-1,-1,-1
209,6,499.317,193.611,89.367,68.541,1,-1,-1,-1
210,5,397.150,185.957,241.553,146.774,1,-1,-1,-1
210,6,502.134,193.582,86.208,66.118,1,-1,-1,-1
211,5,397.308,186.415,241.471,148.539,1,-1,-1,-1
212,5,398.872,186.452,237.646,147.545,1,-1,-1,-1
213,5,394.709,187.533,246.632,155.489,1,-1,-1,-1
214,5,394.203,187.171,247.767,158.410,1,-1,-1,-1
215,5,394.765,187.323,246.771,159.787,1,-1,-1,-1
216,5,392.432,184.984,250.964,164.968,1,-1,-1,-1
217,5,391.492,184.000,252.367,168.377,1,-1,-1,-1
218,5,393.028,183.448,249.416,168.581,1,-1,-1,-1
219,5,393.545,182.200,248.608,170.230,1,-1,-1,-1
220,5,398.004,184.257,240.806,166.259,1,-1,-1,-1
221,5,399.567,185.037,238.308,165.892,1,-1,-1,-1
222,5,399.987,185.729,238.446,167.527,1,-1,-1,-1
223,5,401.319,186.513,237.376,168.251,1,-1,-1,-1
224,5,403.207,185.580,238.936,171.446,1,-1,-1,-1
225,5,409.153,188.473,230.345,166.776,1,-1,-1,-1
226,5,410.513,188.177,232.066,170.156,1,-1,-1,-1
227,5,413.408,190.151,228.672,169.475,1,-1,-1,-1
228,5,414.157,192.493,225.957,169.000,1,-1,-1,-1
229,5,415.885,191.806,225.025,169.805,1,-1,-1,-1
230,5,417.904,193.271,221.697,168.520,1,-1,-1,-1
231,5,417.632,194.116,221.935,170.042,1,-1,-1,-1
232,5,415.844,193.709,223.372,172.572,1,-1,-1,-1
233,5,416.467,194.298,222.288,172.987,1,-1,-1,-1
234,5,418.468,195.235,219.629,172.015,1,-1,-1,-1
235,5,419.923,196.604,216.982,170.867,1,-1,-1,-1
236,5,419.804,196.475,217.930,172.748,1,-1,-1,-1
237,5,419.951,196.039,217.813,173.804,1,-1,-1,-1
238,5,419.634,196.070,219.255,176.166,1,-1,-1,-1
239,5,422.415,197.897,213.566,172.565,1,-1,-1,-1
240,5,423.535,197.535,214.698,174.114,1,-1,-1,-1
241,5,424.740,197.915,213.540,173.581,1,-1,-1,-1
242,5,426.488,198.315,213.372,173.650,1,-1,-1,-1
243,5,427.041,198.190,213.572,174.029,1,-1,-1,-1
244,5,428.665,198.899,211.625,172.548,1,-1,-1,-1
245,5,430.037,199.789,208.193,169.661,1,-1,-1,-1
246,5,429.935,200.146,209.346,170.749,1,-1,-1,-1
247,5,432.192,202.687,206.714,168.241,1,-1,-1,-1
248,5,433.945,205.826,204.082,165.547,1,-1,-1,-1
249,5,433.875,209.344,203.531,164.462,1,-1,-1,-1
250,5,432.936,209.922,204.933,165.118,1,-1,-1,-1
251,5,433.861,211.760,204.412,164.060,1,-1,-1,-1
252,5,433.806,212.533,206.178,164.949,1,-1,-1,-1
253,5,433.618,214.066,206.516,164.791,1,-1,-1,-1
254,5,432.737,215.718,208.631,165.970,1,-1,-1,-1
255,5,431.285,216.707,210.679,167.365,1,-1,-1,-1
256,5,430.621,217.322,211.172,167.610,1,-1,-1,-1
257,5,429.821,217.372,212.561,168.859,1,-1,-1,-1
258,5,428.885,218.937,214.037,170.378,1,-1,-1,-1
259,5,428.836,220.052,214.394,170.672,1,-1,-1,-1
260,5,428.787,221.168,214.750,170.966,1,-1,-1,-1
261,5,428.738,222.284,215.107,171.259,1,-1,-1,-1
262,5,428.690,223.399,215.463,171.553,1,-1,-1,-1
263,5,428.641,224.515,215.820,171.847,1,-1,-1,-1
264,5,428.592,225.631,216.176,172.141,1,-1,-1,-1
265,5,428.543,226.747,216.533,172.435,1,-1,-1,-1
266,5,428.494,227.862,216.889,172.728,1,-1,-1,-1
267,5,428.445,228.978,217.245,173.022,1,-1,-1,-1
267,7,3.701,0.000,170.966,80.696,1,-1,-1,-1
268,5,428.397,230.094,217.601,173.316,1,-1,-1,-1
268,7,4.804,0.000,170.413,80.435,1,-1,-1,-1
269,5,428.348,231.209,217.958,173.610,1,-1,-1,-1
269,7,5.906,0.000,169.860,80.174,1,-1,-1,-1
270,5,428.299,232.325,218.314,173.903,1,-1,-1,-1
270,7,7.008,0.000,169.307,79.913,1,-1,-1,-1
271,5,428.250,233.441,218.670,174.197,1,-1,-1,-1
271,7,8.111,0.000,168.754,79.652,1,-1,-1,-1
272,5,428.202,234.556,219.026,174.491,1,-1,-1,-1
272,7,9.213,0.000,168.201,79.391,1,-1,-1,-1
273,5,428.153,235.672,219.382,174.785,1,-1,-1,-1
273,7,10.315,0.000,167.648,79.130,1,-1,-1,-1
274,5,428.104,236.788,219.738,175.079,1,-1,-1,-1
274,7,11.418,0.000,167.095,78.869,1,-1,-1,-1
275,5,428.056,237.904,220.094,175.372,1,-1,-1,-1
275,7,12.520,0.000,166.542,78.608,1,-1,-1,-1
276,5,428.007,239.019,220.450,175.666,1,-1,-1,-1
276,7,13.622,0.000,165.989,78.347,1,-1,-1,-1
277,5,427.959,240.135,220.806,175.960,1,-1,-1,-1
277,7,14.725,0.000,165.436,78.086,1,-1,-1,-1
278,5,427.910,241.251,221.161,176.254,1,-1,-1,-1
278,7,15.827,0.000,164.883,77.825,1,-1,-1,-1
279,5,427.862,242.366,221.517,176.548,1,-1,-1,-1
279,7,16.929,0.000,164.330,77.564,1,-1,-1,-1
280,5,427.813,243.482,221.873,176.841,1,-1,-1,-1
280,7,18.032,0.000,163.777,77.303,1,-1,-1,-1
281,5,427.764,244.598,222.229,177.135,1,-1,-1,-1
281,7,19.134,0.000,163.224,77.042,1,-1,-1,-1
282,5,427.716,245.714,222.584,177.429,1,-1,-1,-1
282,7,20.236,0.000,162.671,76.781,1,-1,-1,-1
283,5,427.668,246.829,222.940,177.723,1,-1,-1,-1
283,7,21.339,0.000,162.118,76.520,1,-1,-1,-1
284,5,427.619,247.945,223.295,178.017,1,-1,-1,-1
284,7,22.441,0.000,161.565,76.259,1,-1,-1,-1
285,5,427.571,249.061,223.651,178.310,1,-1,-1,-1
285,7,23.543,0.000,161.012,75.998,1,-1,-1,-1
286,5,427.522,250.176,224.006,178.604,1,-1,-1,-1
286,7,24.646,0.000,160.459,75.737,1,-1,-1,-1
287,5,460.357,255.177,160.180,119.140,1,-1,-1,-1
287,7,25.748,0.000,159.906,75.476,1,-1,-1,-1
288,5,461.877,256.443,157.460,117.121,1,-1,-1,-1
288,7,26.850,0.000,159.353,75.215,1,-1,-1,-1
289,5,463.397,257.709,154.741,115.103,1,-1,-1,-1
289,7,27.953,0.000,158.800,74.954,1,-1,-1,-1
290,5,464.916,258.975,152.021,113.085,1,-1,-1,-1
290,7,29.055,0.000,158.247,74.693,1,-1,-1,-1
291,5,466.436,260.241,149.302,111.066,1,-1,-1,-1
291,7,30.157,0.000,157.694,74.432,1,-1,-1,-1
292,5,467.955,261.507,146.583,109.048,1,-1,-1,-1
292,7,31.260,0.000,157.141,74.171,1,-1,-1,-1
293,5,469.475,262.773,143.865,107.030,1,-1,-1,-1
293,7,32.362,0.000,156.588,73.910,1,-1,-1,-1
294,5,470.994,264.039,141.146,105.011,1,-1,-1,-1
294,7,33.464,0.000,156.035,73.649,1,-1,-1,-1
295,5,472.513,265.305,138.428,102.993,1,-1,-1,-1
295,7,34.567,0.000,155.482,73.388,1,-1,-1,-1
296,5,474.032,266.571,135.710,100.975,1,-1,-1,-1
296,7,35.669,0.000,154.929,73.127,1,-1,-1,-1
297,5,475.551,267.837,132.992,98.957,1,-1,-1,-1
297,7,36.771,0.000,154.376,72.866,1,-1,-1,-1
298,5,456.905,262.982,172.571,121.301,1,-1,-1,-1
299,5,457.220,263.768,172.416,121.195,1,-1,-1,-1
300,5,457.535,264.553,172.261,121.088,1,-1,-1,-1
301,5,457.850,265.339,172.106,120.982,1,-1,-1,-1
302,5,458.164,266.124,171.951,120.876,1,-1,-1,-1
303,5,458.479,266.910,171.796,120.770,1,-1,-1,-1
304,5,458.794,267.696,171.641,120.664,1,-1,-1,-1
305,5,459.109,268.481,171.485,120.558,1,-1,-1,-1
306,5,459.423,269.267,171.330,120.452,1,-1,-1,-1
307,5,459.738,270.052,171.175,120.346,1,-1,-1,-1
308,5,460.053,270.838,171.020,120.240,1,-1,-1,-1
309,5,460.368,271.624,170.865,120.133,1,-1,-1,-1
310,5,460.682,272.409,170.710,120.027,1,-1,-1,-1
311,5,460.997,273.195,170.555,119.921,1,-1,-1,-1
312,5,461.312,273.980,170.400,119.815,1,-1,-1,-1
313,5,461.627,274.766,170.245,119.709,1,-1,-1,-1
314,5,461.941,275.552,170.090,119.603,1,-1,-1,-1
315,5,462.256,276.337,169.935,119.497,1,-1,-1,-1
316,5,462.571,277.123,169.780,119.391,1,-1,-1,-1
317,5,462.886,277.908,169.625,119.284,1,-1,-1,-1
318,5,463.200,278.694,169.470,119.178,1,-1,-1,-1
319,5,463.515,279.480,169.315,119.072,1,-1,-1,-1
320,5,463.830,280.265,169.160,118.966,1,-1,-1,-1
321,5,464.144,281.051,169.005,118.860,1,-1,-1,-1
322,5,464.459,281.836,168.850,118.754,1,-1,-1,-1
323,5,464.774,282.622,168.695,118.648,1,-1,-1,-1
324,5,465.089,283.408,168.540,118.542,1,-1,-1,-1
325,5,465.403,284.193,168.385,118.435,1,-1,-1,-1
326,5,465.718,284.979,168.230,118.329,1,-1,-1,-1
327,5,466.033,285.764,168.075,118.223,1,-1,-1,-1
328,5,466.347,286.550,167.920,118.117,1,-1,-1,-1
368,8,2.403,0.000,203.138,94.467,1,-1,-1,-1
369,8,3.043,0.000,200.364,93.073,1,-1,-1,-1
370,8,4.114,0.000,197.702,91.836,1,-1,-1,-1
370,9,445.357,233.776,204.326,141.125,1,-1,-1,-1
371,8,5.185,0.000,195.039,90.600,1,-1,-1,-1
371,9,443.210,231.303,207.928,143.704,1,-1,-1,-1
372,8,-1.816,0.000,204.646,95.220,1,-1,-1,-1
372,9,444.269,231.581,205.963,142.381,1,-1,-1,-1
373,8,-2.312,0.000,204.381,95.097,1,-1,-1,-1
373,9,444.163,231.014,206.048,142.440,1,-1,-1,-1
374,8,-2.809,0.000,204.117,94.974,1,-1,-1,-1
374,9,445.656,229.447,211.155,146.191,1,-1,-1,-1
375,8,-3.305,0.000,203.853,94.851,1,-1,-1,-1
375,9,444.655,227.698,213.639,148.513,1,-1,-1,-1
376,8,-3.801,0.000,203.588,94.728,1,-1,-1,-1
376,9,448.167,228.592,206.921,144.070,1,-1,-1,-1
377,8,-4.298,0.000,203.324,94.605,1,-1,-1,-1
377,9,444.491,226.265,216.535,151.747,1,-1,-1,-1
378,8,-4.794,0.000,203.059,94.482,1,-1,-1,-1
378,9,444.231,225.375,218.348,153.018,1,-1,-1,-1
379,8,-5.290,0.000,202.795,94.359,1,-1,-1,-1
379,9,443.972,224.485,220.162,154.289,1,-1,-1,-1
380,8,-5.787,0.000,202.530,94.236,1,-1,-1,-1
380,9,443.712,223.594,221.975,155.560,1,-1,-1,-1
381,8,-6.283,0.000,202.266,94.113,1,-1,-1,-1
381,9,443.453,222.704,223.789,156.831,1,-1,-1,-1
382,8,-6.780,0.000,202.001,93.990,1,-1,-1,-1
382,9,443.193,221.813,225.602,158.102,1,-1,-1,-1
383,8,-7.276,0.000,201.737,93.867,1,-1,-1,-1
383,9,442.934,220.923,227.416,159.373,1,-1,-1,-1
384,8,-7.772,0.000,201.473,93.744,1,-1,-1,-1
384,9,442.674,220.033,229.229,160.643,1,-1,-1,-1
385,8,-8.269,0.000,201.208,93.621,1,-1,-1,-1
385,9,442.415,219.142,231.043,161.914,1,-1,-1,-1
386,8,-8.765,0.000,200.944,93.498,1,-1,-1,-1
386,9,442.155,218.252,232.856,163.185,1,-1,-1,-1
387,8,-9.261,0.000,200.679,93.375,1,-1,-1,-1
387,9,441.896,217.362,234.669,164.456,1,-1,-1,-1
388,8,-9.758,0.000,200.415,93.252,1,-1,-1,-1
388,9,441.636,216.471,236.483,165.727,1,-1,-1,-1
389,8,-10.254,0.000,200.150,93.129,1,-1,-1,-1
389,9,441.377,215.581,238.296,166.998,1,-1,-1,-1
390,8,-10.750,0.000,199.886,93.006,1,-1,-1,-1
390,9,441.117,214.691,240.110,168.269,1,-1,-1,-1
391,8,-11.247,0.000,199.621,92.883,1,-1,-1,-1
391,9,440.857,213.800,241.923,169.540,1,-1,-1,-1
392,8,-11.743,0.000,199.357,92.760,1,-1,-1,-1
392,9,440.598,212.910,243.737,170.810,1,-1,-1,-1
393,8,-12.240,0.000,199.093,92.636,1,-1,-1,-1
393,9,440.338,212.019,245.550,172.081,1,-1,-1,-1
394,8,-12.736,0.000,198.828,92.513,1,-1,-1,-1
394,9,440.079,211.129,247.364,173.352,1,-1,-1,-1
395,8,-13.232,0.000,198.564,92.390,1,-1,-1,-1
395,9,439.819,210.239,249.177,174.623,1,-1,-1,-1
396,8,-13.729,0.000,198.299,92.267,1,-1,-1,-1
396,9,439.560,209.348,250.990,175.894,1,-1,-1,-1
397,8,-14.225,0.000,198.035,92.144,1,-1,-1,-1
397,9,439.300,208.458,252.804,177.165,1,-1,-1,-1
398,8,-14.721,0.000,197.770,92.021,1,-1,-1,-1
398,9,439.041,207.568,254.617,178.436,1,-1,-1,-1
399,8,-15.218,0.000,197.506,91.898,1,-1,-1,-1
399,9,438.781,206.677,256.431,179.706,1,-1,-1,-1
400,8,-15.714,0.000,197.242,91.775,1,-1,-1,-1
400,9,438.522,205.787,258.244,180.977,1,-1,-1,-1
401,8,-16.211,0.000,196.977,91.652,1,-1,-1,-1
401,9,438.262,204.896,260.058,182.248,1,-1,-1,-1
402,8,-16.707,0.000,196.713,91.529,1,-1,-1,-1
402,9,438.003,204.006,261.871,183.519,1,-1,-1,-1
403,9,450.600,227.574,172.719,123.018,1,-1,-1,-1
404,9,452.245,227.740,167.840,120.362,1,-1,-1,-1
405,9,452.546,227.875,165.789,118.891,1,-1,-1,-1
406,9,453.776,228.053,166.551,119.459,1,-1,-1,-1
407,9,455.647,227.587,170.333,121.195,1,-1,-1,-1
408,9,455.289,226.524,173.538,122.113,1,-1,-1,-1
409,9,453.222,225.236,174.011,121.350,1,-1,-1,-1
410,9,451.639,225.087,180.461,125.006,1,-1,-1,-1
411,9,449.847,224.081,184.944,127.374,1,-1,-1,-1
412,9,448.928,223.772,187.218,128.241,1,-1,-1,-1
413,9,445.518,223.697,189.730,129.388,1,-1,-1,-1
414,9,441.743,222.957,193.135,131.245,1,-1,-1,-1
415,9,439.186,222.463,194.484,131.612,1,-1,-1,-1
416,9,436.880,221.693,196.206,132.394,1,-1,-1,-1
417,9,434.329,221.245,196.286,132.400,1,-1,-1,-1
418,9,432.497,220.358,198.343,133.860,1,-1,-1,-1
419,9,430.573,219.995,200.468,135.573,1,-1,-1,-1
420,9,430.424,220.505,200.887,136.070,1,-1,-1,-1
421,9,426.839,218.277,204.886,139.033,1,-1,-1,-1
422,9,425.359,217.712,206.370,140.040,1,-1,-1,-1
423,9,423.880,217.147,207.854,141.047,1,-1,-1,-1
424,9,422.400,216.582,209.338,142.054,1,-1,-1,-1
425,9,421.348,217.607,204.422,140.747,1,-1,-1,-1
426,9,419.780,217.185,205.581,141.545,1,-1,-1,-1
427,9,423.484,212.836,204.694,142.350,1,-1,-1,-1
428,9,422.335,212.032,205.843,143.148,1,-1,-1,-1
429,9,421.187,211.228,206.991,143.947,1,-1,-1,-1
430,9,420.039,210.424,208.139,144.745,1,-1,-1,-1
431,9,418.890,209.620,209.288,145.544,1,-1,-1,-1
432,9,417.742,208.816,210.436,146.343,1,-1,-1,-1
433,9,416.593,208.012,211.584,147.141,1,-1,-1,-1
434,9,415.445,207.208,212.732,147.940,1,-1,-1,-1
435,9,414.296,206.404,213.881,148.738,1,-1,-1,-1
436,9,413.148,205.600,215.029,149.537,1,-1,-1,-1
437,9,411.999,204.796,216.177,150.336,1,-1,-1,-1
438,9,410.851,203.992,217.326,151.134,1,-1,-1,-1
439,9,409.703,203.188,218.474,151.933,1,-1,-1,-1
440,9,408.554,202.385,219.622,152.731,1,-1,-1,-1
441,9,407.406,201.581,220.771,153.530,1,-1,-1,-1
442,9,428.826,205.409,192.997,131.432,1,-1,-1,-1
443,9,428.228,206.498,192.897,129.201,1,-1,-1,-1
444,9,428.591,206.130,191.849,128.499,1,-1,-1,-1
445,9,428.955,205.761,190.801,127.796,1,-1,-1,-1
446,9,429.318,205.393,189.753,127.094,1,-1,-1,-1
447,9,429.681,205.024,188.705,126.392,1,-1,-1,-1
448,9,425.613,207.955,193.187,128.781,1,-1,-1,-1
449,9,425.012,207.904,194.312,129.150,1,-1,-1,-1
450,9,422.919,208.453,195.942,130.824,1,-1,-1,-1
451,9,421.283,208.982,197.148,132.441,1,-1,-1,-1
452,9,420.256,208.996,203.710,137.589,1,-1,-1,-1
453,9,419.053,208.601,211.075,143.530,1,-1,-1,-1
454,9,414.956,209.261,219.468,150.765,1,-1,-1,-1
455,9,415.544,208.058,219.941,152.227,1,-1,-1,-1
456,9,411.182,209.370,223.045,156.035,1,-1,-1,-1
457,9,406.613,208.541,228.757,161.402,1,-1,-1,-1
458,9,404.704,208.554,232.053,163.728,1,-1,-1,-1
459,9,402.796,208.567,235.350,166.054,1,-1,-1,-1
460,9,400.888,208.580,238.646,168.380,1,-1,-1,-1
461,9,398.980,208.593,241.943,170.706,1,-1,-1,-1
462,9,397.072,208.607,245.239,173.032,1,-1,-1,-1
463,9,395.163,208.620,248.535,175.358,1,-1,-1,-1
464,9,393.255,208.633,251.832,177.684,1,-1,-1,-1
465,9,391.347,208.646,255.128,180.010,1,-1,-1,-1
466,9,389.439,208.659,258.424,182.337,1,-1,-1,-1
467,9,387.531,208.672,261.721,184.663,1,-1,-1,-1
468,9,385.622,208.685,265.017,186.989,1,-1,-1,-1
469,9,383.714,208.698,268.313,189.315,1,-1,-1,-1
470,9,381.806,208.711,271.609,191.641,1,-1,-1,-1
471,9,379.898,208.725,274.906,193.967,1,-1,-1,-1
472,9,377.990,208.738,278.202,196.293,1,-1,-1,-1
473,9,376.082,208.751,281.498,198.619,1,-1,-1,-1
474,9,374.173,208.764,284.794,200.945,1,-1,-1,-1
475,9,372.265,208.777,288.091,203.271,1,-1,-1,-1
476,9,370.357,208.790,291.387,205.598,1,-1,-1,-1
477,9,368.449,208.803,294.683,207.924,1,-1,-1,-1
478,9,366.541,208.816,297.979,210.250,1,-1,-1,-1
479,9,364.633,208.830,301.275,212.576,1,-1,-1,-1
480,9,362.725,208.843,304.571,214.902,1,-1,-1,-1
481,9,360.816,208.856,307.868,217.228,1,-1,-1,-1
482,9,358.908,208.869,311.164,219.554,1,-1,-1,-1
483,9,357.000,208.882,314.460,221.880,1,-1,-1,-1
484,9,355.092,208.895,317.756,224.206,1,-1,-1,-1
485,9,353.184,208.908,321.052,226.532,1,-1,-1,-1
486,9,351.276,208.921,324.348,228.859,1,-1,-1,-1
487,9,354.402,195.801,267.261,187.876,1,-1,-1,-1
488,9,356.656,194.734,267.794,188.761,1,-1,-1,-1
489,9,354.718,195.271,266.616,186.880,1,-1,-1,-1
490,9,353.420,194.869,267.023,187.165,1,-1,-1,-1
491,9,349.605,195.482,268.797,187.069,1,-1,-1,-1
492,9,350.157,196.250,267.357,184.962,1,-1,-1,-1
493,9,348.892,199.171,262.999,179.121,1,-1,-1,-1
494,9,348.028,199.456,261.746,178.267,1,-1,-1,-1
495,9,347.164,199.741,260.493,177.413,1,-1,-1,-1
496,9,346.299,200.026,259.240,176.560,1,-1,-1,-1
497,9,345.435,200.312,257.987,175.706,1,-1,-1,-1
498,9,344.571,200.597,256.734,174.852,1,-1,-1,-1
499,9,343.707,200.882,255.482,173.999,1,-1,-1,-1
500,9,342.843,201.167,254.229,173.145,1,-1,-1,-1
501,9,341.979,201.453,252.976,172.292,1,-1,-1,-1
502,9,341.115,201.738,251.723,171.438,1,-1,-1,-1
503,9,340.250,202.023,250.470,170.584,1,-1,-1,-1
504,9,311.736,199.479,261.374,174.828,1,-1,-1,-1
505,9,309.076,199.562,260.642,174.338,1,-1,-1,-1
506,9,306.416,199.646,259.909,173.847,1,-1,-1,-1
507,9,303.755,199.730,259.176,173.356,1,-1,-1,-1
508,9,311.378,201.141,263.627,175.306,1,-1,-1,-1
509,9,309.759,201.350,263.235,175.045,1,-1,-1,-1
510,9,308.140,201.559,262.844,174.784,1,-1,-1,-1
511,9,306.520,201.767,262.453,174.523,1,-1,-1,-1
512,9,304.901,201.976,262.061,174.262,1,-1,-1,-1
513,9,303.282,202.185,261.670,174.001,1,-1,-1,-1
514,9,301.662,202.394,261.279,173.740,1,-1,-1,-1
515,9,300.043,202.602,260.887,173.479,1,-1,-1,-1
516,9,298.424,202.811,260.496,173.218,1,-1,-1,-1
517,9,296.804,203.020,260.105,172.957,1,-1,-1,-1
518,9,295.185,203.228,259.713,172.696,1,-1,-1,-1
519,9,293.566,203.437,259.322,172.435,1,-1,-1,-1
520,9,291.946,203.646,258.930,172.174,1,-1,-1,-1
521,9,290.327,203.854,258.539,171.913,1,-1,-1,-1
522,9,288.708,204.063,258.148,171.652,1,-1,-1,-1
523,9,287.089,204.272,257.756,171.391,1,-1,-1,-1
524,9,285.469,204.481,257.365,171.130,1,-1,-1,-1
525,9,283.850,204.689,256.974,170.869,1,-1,-1,-1
526,9,282.231,204.898,256.582,170.608,1,-1,-1,-1
527,9,280.611,205.107,256.191,170.347,1,-1,-1,-1
528,9,278.992,205.315,255.799,170.086,1,-1,-1,-1
529,9,277.373,205.524,255.408,169.825,1,-1,-1,-1
530,9,275.754,205.733,255.017,169.564,1,-1,-1,-1
531,9,274.134,205.941,254.625,169.303,1,-1,-1,-1
532,9,272.515,206.150,254.234,169.042,1,-1,-1,-1
533,9,270.896,206.359,253.842,168.781,1,-1,-1,-1
534,9,269.276,206.567,253.451,168.520,1,-1,-1,-1
535,9,267.657,206.776,253.060,168.259,1,-1,-1,-1
536,9,266.038,206.985,252.668,167.998,1,-1,-1,-1
537,9,264.419,207.194,252.277,167.737,1,-1,-1,-1
538,9,262.799,207.402,251.885,167.476,1,-1,-1,-1
549,11,349.005,191.709,249.377,206.427,1,-1,-1,-1
550,11,346.959,192.275,247.814,205.275,1,-1,-1,-1
551,11,345.122,192.973,248.229,205.800,1,-1,-1,-1
552,11,345.759,192.456,253.396,211.060,1,-1,-1,-1
553,11,342.840,192.990,255.037,213.698,1,-1,-1,-1
554,11,337.152,191.081,259.194,218.693,1,-1,-1,-1
555,11,335.026,190.808,261.522,222.517,1,-1,-1,-1
556,11,335.455,191.095,261.249,224.325,1,-1,-1,-1
557,11,335.400,191.134,261.517,226.775,1,-1,-1,-1
558,11,336.139,192.207,259.625,227.347,1,-1,-1,-1
559,11,338.103,193.556,257.893,227.946,1,-1,-1,-1
560,11,336.445,193.738,260.131,229.923,1,-1,-1,-1
561,11,334.786,193.920,262.368,231.901,1,-1,-1,-1
562,11,333.127,194.102,264.605,233.878,1,-1,-1,-1
563,11,331.469,194.284,266.842,235.856,1,-1,-1,-1
564,11,329.810,194.466,269.080,237.834,1,-1,-1,-1
565,11,328.152,194.648,271.317,239.811,1,-1,-1,-1
566,11,326.493,194.830,273.554,241.789,1,-1,-1,-1
567,11,324.834,195.012,275.791,243.766,1,-1,-1,-1
568,11,323.176,195.194,278.029,245.744,1,-1,-1,-1
569,11,321.517,195.376,280.266,247.721,1,-1,-1,-1
570,11,319.859,195.558,282.503,249.699,1,-1,-1,-1
571,11,318.200,195.740,284.740,251.676,1,-1,-1,-1
572,11,316.542,195.922,286.978,253.654,1,-1,-1,-1
573,11,314.883,196.104,289.215,255.631,1,-1,-1,-1
574,11,313.224,196.286,291.452,257.609,1,-1,-1,-1
575,11,311.566,196.468,293.690,259.587,1,-1,-1,-1
576,11,309.907,196.650,295.927,261.564,1,-1,-1,-1
577,11,308.249,196.832,298.164,263.542,1,-1,-1,-1
578,11,306.590,197.014,300.401,265.519,1,-1,-1,-1
579,11,304.932,197.196,302.639,267.497,1,-1,-1,-1
580,11,303.273,197.378,304.876,269.474,1,-1,-1,-1
581,11,301.614,197.560,307.113,271.452,1,-1,-1,-1
582,11,299.956,197.742,309.350,273.429,1,-1,-1,-1
583,11,298.297,197.924,311.587,275.407,1,-1,-1,-1
584,11,296.639,198.105,313.825,277.385,1,-1,-1,-1
585,11,294.980,198.287,316.062,279.362,1,-1,-1,-1
586,11,293.322,198.469,318.299,281.340,1,-1,-1,-1
587,11,291.663,198.651,320.536,283.317,1,-1,-1,-1
588,11,290.004,198.833,322.774,285.295,1,-1,-1,-1
589,11,288.346,199.015,325.011,287.272,1,-1,-1,-1
589,12,-1.692,0.000,163.368,79.612,1,-1,-1,-1
590,12,-1.994,0.000,163.271,79.565,1,-1,-1,-1
591,12,-2.295,0.000,163.174,79.517,1,-1,-1,-1
592,12,-2.597,0.000,163.077,79.470,1,-1,-1,-1
593,12,-2.898,0.000,162.980,79.423,1,-1,-1,-1
594,12,-3.200,0.000,162.883,79.375,1,-1,-1,-1
595,12,-3.502,0.000,162.786,79.328,1,-1,-1,-1
596,12,-3.803,0.000,162.689,79.281,1,-1,-1,-1
597,12,-4.105,0.000,162.592,79.234,1,-1,-1,-1
598,12,-4.407,0.000,162.494,79.186,1,-1,-1,-1
599,12,-1.580,0.000,169.242,82.669,1,-1,-1,-1
600,12,-1.621,0.000,169.787,82.935,1,-1,-1,-1
601,12,-1.662,0.000,170.332,83.201,1,-1,-1,-1
602,12,-1.703,0.000,170.877,83.468,1,-1,-1,-1
603,12,-1.744,0.000,171.422,83.734,1,-1,-1,-1
604,12,-1.785,0.000,171.967,84.000,1,-1,-1,-1
605,12,-1.826,0.000,172.512,84.266,1,-1,-1,-1
606,12,-1.867,0.000,173.056,84.532,1,-1,-1,-1
607,12,-1.908,0.000,173.601,84.798,1,-1,-1,-1
608,12,-1.949,0.000,174.146,85.065,1,-1,-1,-1
609,12,-1.990,0.000,174.691,85.331,1,-1,-1,-1
610,12,-2.031,0.000,175.236,85.597,1,-1,-1,-1
610,13,255.088,129.546,349.144,306.918,1,-1,-1,-1
611,12,-2.072,0.000,175.781,85.863,1,-1,-1,-1
611,13,256.651,129.080,345.591,303.596,1,-1,-1,-1
612,12,-2.113,0.000,176.326,86.129,1,-1,-1,-1
612,13,264.600,131.224,332.832,291.659,1,-1,-1,-1
613,12,-2.154,0.000,176.871,86.395,1,-1,-1,-1
613,13,268.221,133.836,325.618,284.461,1,-1,-1,-1
614,12,-2.195,0.000,177.416,86.662,1,-1,-1,-1
614,13,268.211,135.850,325.185,283.327,1,-1,-1,-1
615,12,-2.236,0.000,177.960,86.928,1,-1,-1,-1
615,13,271.433,137.116,319.970,278.783,1,-1,-1,-1
616,12,-2.277,0.000,178.505,87.194,1,-1,-1,-1
616,13,274.654,138.383,314.755,274.240,1,-1,-1,-1
617,12,-2.318,0.000,179.050,87.460,1,-1,-1,-1
617,13,277.876,139.650,309.541,269.696,1,-1,-1,-1
618,12,-2.359,0.000,179.595,87.726,1,-1,-1,-1
618,13,281.098,140.916,304.326,265.153,1,-1,-1,-1
619,12,-2.400,0.000,180.140,87.992,1,-1,-1,-1
619,13,284.320,142.183,299.111,260.609,1,-1,-1,-1
620,12,-2.441,0.000,180.685,88.259,1,-1,-1,-1
620,13,287.542,143.450,293.897,256.066,1,-1,-1,-1
621,12,-2.482,0.000,181.230,88.525,1,-1,-1,-1
621,13,290.764,144.716,288.682,251.523,1,-1,-1,-1
622,12,-2.523,0.000,181.775,88.791,1,-1,-1,-1
622,13,293.986,145.983,283.467,246.979,1,-1,-1,-1
623,12,-2.564,0.000,182.320,89.057,1,-1,-1,-1
623,13,297.208,147.250,278.252,242.436,1,-1,-1,-1
624,12,-2.605,0.000,182.864,89.323,1,-1,-1,-1
624,13,300.430,148.516,273.038,237.892,1,-1,-1,-1
625,12,-2.646,0.000,183.409,89.589,1,-1,-1,-1
625,13,303.652,149.783,267.823,233.349,1,-1,-1,-1
626,12,-2.687,0.000,183.954,89.856,1,-1,-1,-1
626,13,306.874,151.050,262.608,228.805,1,-1,-1,-1
627,12,-2.728,0.000,184.499,90.122,1,-1,-1,-1
627,13,310.096,152.316,257.394,224.262,1,-1,-1,-1
628,12,-2.769,0.000,185.044,90.388,1,-1,-1,-1
628,13,313.317,153.583,252.179,219.718,1,-1,-1,-1
629,12,-2.810,0.000,185.589,90.654,1,-1,-1,-1
629,13,316.539,154.850,246.964,215.175,1,-1,-1,-1
630,13,319.761,156.117,241.749,210.631,1,-1,-1,-1
631,13,322.983,157.383,236.535,206.088,1,-1,-1,-1
632,13,326.205,158.650,231.320,201.544,1,-1,-1,-1
633,13,329.427,159.917,226.105,197.001,1,-1,-1,-1
634,13,332.649,161.183,220.891,192.457,1,-1,-1,-1
635,13,335.871,162.450,215.676,187.914,1,-1,-1,-1
636,13,339.093,163.717,210.461,183.370,1,-1,-1,-1
637,13,342.315,164.983,205.246,178.827,1,-1,-1,-1
638,13,345.537,166.250,200.032,174.283,1,-1,-1,-1
639,13,348.759,167.517,194.817,169.740,1,-1,-1,-1
640,13,351.981,168.783,189.602,165.196,1,-1,-1,-1
641,13,355.202,170.050,184.387,160.653,1,-1,-1,-1
642,13,358.424,171.317,179.173,156.109,1,-1,-1,-1
643,13,361.646,172.583,173.958,151.566,1,-1,-1,-1
644,13,364.868,173.850,168.743,147.023,1,-1,-1,-1
665,14,44.803,41.156,459.167,201.772,1,-1,-1,-1
666,14,42.593,40.327,460.831,202.637,1,-1,-1,-1
667,14,44.299,41.611,456.754,200.860,1,-1,-1,-1
668,14,41.286,47.116,463.244,203.961,1,-1,-1,-1
669,14,39.475,45.025,467.950,206.356,1,-1,-1,-1
670,14,37.809,45.147,471.060,207.728,1,-1,-1,-1
671,14,36.143,45.269,474.171,209.099,1,-1,-1,-1
672,14,34.477,45.390,477.281,210.471,1,-1,-1,-1
673,14,32.812,45.512,480.391,211.842,1,-1,-1,-1
674,14,31.146,45.634,483.502,213.214,1,-1,-1,-1
675,14,29.480,45.755,486.612,214.586,1,-1,-1,-1
676,14,27.814,45.877,489.723,215.957,1,-1,-1,-1
677,14,26.148,45.999,492.833,217.329,1,-1,-1,-1
678,14,24.482,46.120,495.943,218.700,1,-1,-1,-1
679,14,22.816,46.242,499.054,220.072,1,-1,-1,-1
680,14,21.150,46.364,502.164,221.444,1,-1,-1,-1
681,14,19.484,46.485,505.275,222.815,1,-1,-1,-1
682,14,17.818,46.607,508.385,224.187,1,-1,-1,-1
683,14,16.152,46.729,511.495,225.559,1,-1,-1,-1
684,14,14.487,46.850,514.606,226.930,1,-1,-1,-1
685,14,12.821,46.972,517.716,228.302,1,-1,-1,-1
686,14,11.155,47.094,520.826,229.673,1,-1,-1,-1
687,14,9.489,47.215,523.937,231.045,1,-1,-1,-1
688,14,7.823,47.337,527.047,232.417,1,-1,-1,-1
689,14,6.157,47.459,530.158,233.788,1,-1,-1,-1
690,14,4.491,47.580,533.268,235.160,1,-1,-1,-1
691,14,2.825,47.702,536.378,236.531,1,-1,-1,-1
692,14,1.159,47.824,539.489,237.903,1,-1,-1,-1
693,14,-0.507,47.945,542.599,239.275,1,-1,-1,-1
694,14,-2.173,48.067,545.709,240.646,1,-1,-1,-1
695,14,-3.838,48.189,548.820,242.018,1,-1,-1,-1
696,14,-5.504,48.310,551.930,243.389,1,-1,-1,-1
697,14,-7.170,48.432,555.041,244.761,1,-1,-1,-1
698,14,-8.836,48.554,558.151,246.133,1,-1,-1,-1
699,14,-10.502,48.676,561.261,247.504,1,-1,-1,-1
