3,1,565.736,127.161,282.789,319.229,1,-1,-1,-1
4,1,568.465,125.381,275.747,310.345,1,-1,-1,-1
5,1,568.592,125.332,275.806,309.486,1,-1,-1,-1
6,1,562.857,125.137,280.343,313.268,1,-1,-1,-1
7,1,563.712,124.959,284.127,317.027,1,-1,-1,-1
8,1,549.458,126.467,302.678,337.882,1,-1,-1,-1
9,1,547.440,128.531,288.932,318.391,1,-1,-1,-1
10,1,550.048,128.935,277.844,301.251,1,-1,-1,-1
11,1,549.668,128.509,274.213,292.018,1,-1,-1,-1
12,1,545.555,127.411,280.366,294.219,1,-1,-1,-1
13,1,546.510,125.455,280.283,289.495,1,-1,-1,-1
14,1,539.500,121.187,288.788,294.099,1,-1,-1,-1
15,1,533.466,116.249,301.663,304.835,1,-1,-1,-1
16,1,532.148,114.905,301.167,304.334,1,-1,-1,-1
17,1,533.004,111.969,299.205,298.546,1,-1,-1,-1
18,1,533.828,110.458,298.995,294.612,1,-1,-1,-1
19,1,539.830,109.933,290.303,281.222,1,-1,-1,-1
20,1,540.252,109.132,291.485,278.465,1,-1,-1,-1
21,1,539.225,108.336,294.992,278.685,1,-1,-1,-1
22,1,534.980,107.724,303.589,284.725,1,-1,-1,-1
23,1,533.218,106.968,306.051,284.646,1,-1,-1,-1
24,1,532.312,105.366,306.394,282.366,1,-1,-1,-1
25,1,523.893,100.025,312.674,285.987,1,-1,-1,-1
26,1,522.038,96.994,311.555,282.219,1,-1,-1,-1
27,1,518.665,96.371,315.378,283.550,1,-1,-1,-1
28,1,514.060,96.050,322.957,289.086,1,-1,-1,-1
29,1,507.844,94.324,327.790,291.808,1,-1,-1,-1
30,1,492.410,97.772,330.917,294.984,1,-1,-1,-1
31,1,483.191,94.912,322.150,286.660,1,-1,-1,-1
32,1,481.296,95.633,311.711,275.392,1,-1,-1,-1
33,1,479.948,97.289,310.453,271.621,1,-1,-1,-1
34,1,474.026,97.955,320.151,277.659,1,-1,-1,-1
35,1,469.748,97.051,324.313,277.086,1,-1,-1,-1
36,1,465.290,98.529,326.184,274.199,1,-1,-1,-1
37,1,464.657,101.076,332.042,273.627,1,-1,-1,-1
38,1,466.148,106.940,331.385,265.998,1,-1,-1,-1
39,1,491.192,109.690,318.574,255.279,1,-1,-1,-1
40,1,509.623,121.476,309.087,245.101,1,-1,-1,-1
41,1,514.762,125.646,307.685,241.567,1,-1,-1,-1
42,1,512.135,127.837,312.222,243.076,1,-1,-1,-1
43,1,509.438,127.021,316.846,244.540,1,-1,-1,-1
44,1,506.316,124.597,321.549,246.314,1,-1,-1,-1
45,1,501.277,119.165,315.748,240.282,1,-1,-1,-1
46,1,498.842,121.005,323.802,245.385,1,-1,-1,-1
47,1,492.495,120.045,329.750,248.955,1,-1,-1,-1
48,1,492.462,112.989,324.547,243.680,1,-1,-1,-1
49,1,453.602,112.395,338.141,247.658,1,-1,-1,-1
50,1,464.442,109.381,331.323,242.355,1,-1,-1,-1
51,1,469.587,108.547,326.333,238.427,1,-1,-1,-1
52,1,469.295,106.303,327.748,238.902,1,-1,-1,-1
53,1,434.548,109.858,348.648,251.199,1,-1,-1,-1
54,1,447.985,105.248,342.754,248.107,1,-1,-1,-1
55,1,453.057,102.479,339.781,246.762,1,-1,-1,-1
56,1,460.125,100.672,333.801,243.234,1,-1,-1,-1
57,1,450.722,102.175,349.220,252.763,1,-1,-1,-1
58,1,431.742,100.426,335.852,243.485,1,-1,-1,-1
59,1,416.276,98.499,334.033,244.381,1,-1,-1,-1
60,1,420.354,99.692,335.888,245.648,1,-1,-1,-1
61,1,449.109,98.244,340.868,251.498,1,-1,-1,-1
62,1,458.868,99.846,340.604,252.635,1,-1,-1,-1
63,1,463.138,103.470,336.963,249.377,1,-1,-1,-1
64,1,464.078,106.578,335.316,247.498,1,-1,-1,-1
65,1,463.603,108.055,335.448,247.396,1,-1,-1,-1
66,1,451.665,110.482,344.868,253.017,1,-1,-1,-1
67,1,447.959,109.717,350.948,255.766,1,-1,-1,-1
68,1,445.505,108.952,355.059,257.167,1,-1,-1,-1
69,1,447.682,109.610,355.432,255.592,1,-1,-1,-1
70,1,446.351,108.414,358.490,255.553,1,-1,-1,-1
71,1,441.363,108.299,361.270,255.392,1,-1,-1,-1
72,1,437.817,107.440,367.411,257.882,1,-1,-1,-1
73,1,432.261,107.028,372.315,259.157,1,-1,-1,-1
73,3,588.905,204.792,226.343,162.764,1,-1,-1,-1
74,1,429.148,107.601,375.089,258.874,1,-1,-1,-1
74,3,586.417,201.956,229.416,164.721,1,-1,-1,-1
75,1,430.481,108.334,376.001,257.849,1,-1,-1,-1
75,3,583.496,199.608,232.126,166.667,1,-1,-1,-1
76,1,433.274,109.406,378.326,257.192,1,-1,-1,-1
76,3,580.575,197.259,234.836,168.613,1,-1,-1,-1
77,1,419.004,110.364,373.387,256.125,1,-1,-1,-1
77,3,577.655,194.910,237.546,170.559,1,-1,-1,-1
78,1,419.239,111.155,366.193,256.266,1,-1,-1,-1
78,3,574.734,192.562,240.256,172.505,1,-1,-1,-1
79,1,415.246,111.948,365.852,258.922,1,-1,-1,-1
79,3,571.813,190.213,242.967,174.451,1,-1,-1,-1
80,1,412.684,112.359,366.484,259.368,1,-1,-1,-1
80,3,568.892,187.864,245.677,176.397,1,-1,-1,-1
81,1,410.123,112.771,367.117,259.813,1,-1,-1,-1
81,3,565.971,185.516,248.387,178.342,1,-1,-1,-1
82,1,414.481,112.482,367.543,258.134,1,-1,-1,-1
82,3,572.867,191.180,244.130,174.354,1,-1,-1,-1
83,1,412.742,112.824,367.881,258.369,1,-1,-1,-1
83,3,570.975,189.623,246.034,175.713,1,-1,-1,-1
84,1,411.002,113.166,368.219,258.604,1,-1,-1,-1
84,3,569.083,188.066,247.938,177.073,1,-1,-1,-1
85,1,398.931,104.736,371.122,264.913,1,-1,-1,-1
85,3,567.191,186.509,249.842,178.433,1,-1,-1,-1
86,1,391.586,100.705,368.179,268.728,1,-1,-1,-1
86,3,565.299,184.951,251.746,179.793,1,-1,-1,-1
87,1,398.908,100.581,359.211,268.008,1,-1,-1,-1
87,3,563.407,183.394,253.650,181.152,1,-1,-1,-1
88,1,395.791,99.786,360.473,268.948,1,-1,-1,-1
88,3,561.514,181.837,255.554,182.512,1,-1,-1,-1
89,1,392.673,98.991,361.735,269.888,1,-1,-1,-1
89,3,559.622,180.280,257.457,183.872,1,-1,-1,-1
90,1,423.401,107.538,329.434,249.013,1,-1,-1,-1
90,3,557.730,178.722,259.361,185.232,1,-1,-1,-1
91,1,435.849,107.342,320.494,245.641,1,-1,-1,-1
91,3,555.838,177.165,261.265,186.591,1,-1,-1,-1
92,1,447.367,107.877,307.580,238.244,1,-1,-1,-1
92,3,553.946,175.608,263.169,187.951,1,-1,-1,-1
93,1,447.576,108.231,306.828,239.427,1,-1,-1,-1
93,3,552.054,174.051,265.073,189.311,1,-1,-1,-1
94,1,442.818,106.959,304.729,238.117,1,-1,-1,-1
94,3,550.162,172.494,266.977,190.671,1,-1,-1,-1
95,1,436.408,109.193,297.650,233.815,1,-1,-1,-1
95,3,548.269,170.936,268.881,192.030,1,-1,-1,-1
96,1,438.086,109.890,290.646,228.982,1,-1,-1,-1
96,3,546.377,169.379,270.785,193.390,1,-1,-1,-1
97,1,448.389,109.442,284.685,225.127,1,-1,-1,-1
97,3,544.485,167.822,272.689,194.750,1,-1,-1,-1
98,1,449.773,111.125,278.903,220.615,1,-1,-1,-1
98,3,542.593,166.265,274.593,196.109,1,-1,-1,-1
99,1,423.350,104.121,292.239,227.512,1,-1,-1,-1
99,3,540.701,164.708,276.496,197.469,1,-1,-1,-1
100,1,413.333,101.817,298.158,227.920,1,-1,-1,-1
100,3,538.809,163.150,278.400,198.829,1,-1,-1,-1
101,1,432.437,101.703,292.962,223.511,1,-1,-1,-1
101,3,536.917,161.593,280.304,200.189,1,-1,-1,-1
102,1,424.268,98.783,308.299,234.839,1,-1,-1,-1
102,3,535.024,160.036,282.208,201.548,1,-1,-1,-1
103,1,416.087,95.883,329.524,253.343,1,-1,-1,-1
103,3,533.132,158.479,284.112,202.908,1,-1,-1,-1
104,1,384.996,87.586,339.282,256.382,1,-1,-1,-1
104,3,531.240,156.922,286.016,204.268,1,-1,-1,-1
105,1,371.507,86.964,342.241,254.712,1,-1,-1,-1
105,3,529.348,155.364,287.920,205.628,1,-1,-1,-1
106,1,366.272,88.605,340.631,249.359,1,-1,-1,-1
106,3,527.456,153.807,289.824,206.987,1,-1,-1,-1
107,1,361.392,87.205,341.926,250.305,1,-1,-1,-1
107,3,392.632,96.673,366.635,274.736,1,-1,-1,-1
108,1,356.512,85.805,343.221,251.251,1,-1,-1,-1
108,3,400.683,97.830,349.157,269.395,1,-1,-1,-1
109,1,351.632,84.405,344.516,252.197,1,-1,-1,-1
109,3,392.754,94.418,350.506,276.963,1,-1,-1,-1
110,1,346.752,83.005,345.810,253.143,1,-1,-1,-1
110,3,391.806,90.039,349.944,284.414,1,-1,-1,-1
111,1,341.872,81.605,347.105,254.089,1,-1,-1,-1
111,3,392.256,88.145,346.531,288.376,1,-1,-1,-1
112,1,336.992,80.205,348.400,255.035,1,-1,-1,-1
112,3,401.278,87.060,337.667,289.023,1,-1,-1,-1
113,1,332.112,78.805,349.695,255.981,1,-1,-1,-1
113,3,402.804,87.277,329.545,287.743,1,-1,-1,-1
114,1,327.232,77.405,350.990,256.927,1,-1,-1,-1
114,3,417.205,90.802,302.686,267.502,1,-1,-1,-1
115,1,322.352,76.005,352.285,257.873,1,-1,-1,-1
115,3,420.260,93.752,295.767,265.428,1,-1,-1,-1
116,1,317.473,74.605,353.580,258.819,1,-1,-1,-1
116,3,425.791,95.475,282.945,256.189,1,-1,-1,-1
117,1,312.593,73.205,354.875,259.765,1,-1,-1,-1
117,3,427.375,95.165,279.255,255.768,1,-1,-1,-1
118,1,307.713,71.805,356.170,260.712,1,-1,-1,-1
118,3,424.339,95.495,283.391,263.276,1,-1,-1,-1
119,1,302.833,70.406,357.465,261.658,1,-1,-1,-1
119,3,422.477,94.186,284.830,268.326,1,-1,-1,-1
120,1,297.953,69.006,358.760,262.604,1,-1,-1,-1
120,3,417.213,91.926,289.463,276.410,1,-1,-1,-1
121,1,293.073,67.606,360.056,263.550,1,-1,-1,-1
121,3,428.007,91.121,285.593,279.204,1,-1,-1,-1
122,1,288.193,66.206,361.351,264.496,1,-1,-1,-1
122,3,425.505,88.622,284.095,281.979,1,-1,-1,-1
123,1,283.313,64.806,362.646,265.442,1,-1,-1,-1
123,3,419.495,87.624,283.106,283.243,1,-1,-1,-1
124,1,278.433,63.406,363.941,266.388,1,-1,-1,-1
124,3,404.191,86.704,283.679,282.021,1,-1,-1,-1
125,1,273.553,62.006,365.236,267.334,1,-1,-1,-1
125,3,396.039,85.251,285.370,281.793,1,-1,-1,-1
126,1,268.673,60.606,366.531,268.280,1,-1,-1,-1
126,3,394.742,84.583,281.947,275.712,1,-1,-1,-1
127,1,263.793,59.206,367.827,269.226,1,-1,-1,-1
127,3,392.903,83.217,283.701,275.501,1,-1,-1,-1
128,1,258.912,57.806,369.122,270.172,1,-1,-1,-1
128,3,395.370,82.103,282.307,272.963,1,-1,-1,-1
129,1,254.032,56.406,370.417,271.118,1,-1,-1,-1
129,3,393.015,79.619,283.457,272.596,1,-1,-1,-1
130,1,249.152,55.006,371.712,272.065,1,-1,-1,-1
130,3,391.193,77.133,285.122,273.315,1,-1,-1,-1
131,1,244.272,53.606,373.008,273.011,1,-1,-1,-1
131,3,387.637,73.574,288.708,276.170,1,-1,-1,-1
132,1,239.392,52.207,374.303,273.957,1,-1,-1,-1
132,3,383.333,73.798,289.416,275.223,1,-1,-1,-1
133,1,234.512,50.807,375.598,274.903,1,-1,-1,-1
133,3,379.503,71.701,290.499,274.280,1,-1,-1,-1
134,1,229.632,49.407,376.894,275.849,1,-1,-1,-1
134,3,373.148,69.613,292.628,273.940,1,-1,-1,-1
135,1,224.752,48.007,378.189,276.795,1,-1,-1,-1
135,3,378.808,68.881,294.677,276.597,1,-1,-1,-1
136,1,219.872,46.607,379.484,277.741,1,-1,-1,-1
136,3,391.772,68.511,288.448,272.986,1,-1,-1,-1
137,3,380.740,67.547,291.361,273.830,1,-1,-1,-1
138,3,381.154,67.967,283.337,261.733,1,-1,-1,-1
139,3,376.343,66.246,289.459,266.910,1,-1,-1,-1
140,3,358.756,66.117,300.691,275.223,1,-1,-1,-1
141,3,356.008,65.275,298.175,270.097,1,-1,-1,-1
142,3,364.033,65.667,285.795,255.854,1,-1,-1,-1
143,3,367.201,68.084,282.871,250.046,1,-1,-1,-1
144,3,363.962,68.906,285.224,249.042,1,-1,-1,-1
145,3,365.702,69.321,286.829,248.862,1,-1,-1,-1
146,3,378.826,67.794,286.528,250.971,1,-1,-1,-1
147,3,366.164,69.088,289.353,251.764,1,-1,-1,-1
148,3,378.377,67.421,283.160,247.757,1,-1,-1,-1
149,3,384.765,67.992,279.337,245.816,1,-1,-1,-1
150,3,382.106,70.222,278.405,245.953,1,-1,-1,-1
151,3,380.320,69.151,278.981,247.594,1,-1,-1,-1
152,3,367.616,73.398,280.435,247.195,1,-1,-1,-1
153,3,362.816,76.888,277.054,241.404,1,-1,-1,-1
154,3,356.221,77.919,284.510,246.591,1,-1,-1,-1
155,3,362.425,74.874,289.278,252.611,1,-1,-1,-1
156,3,368.153,73.732,288.254,254.293,1,-1,-1,-1
157,3,369.090,72.795,288.627,257.013,1,-1,-1,-1
158,3,364.445,73.413,294.192,264.543,1,-1,-1,-1
159,3,363.171,76.870,295.272,268.015,1,-1,-1,-1
160,3,368.443,83.117,286.947,262.481,1,-1,-1,-1
161,3,368.769,85.647,285.955,264.405,1,-1,-1,-1
162,3,369.862,87.172,283.956,265.476,1,-1,-1,-1
163,3,370.679,87.601,279.791,263.595,1,-1,-1,-1
164,3,371.486,88.197,275.171,261.043,1,-1,-1,-1
165,3,369.000,88.264,276.565,264.451,1,-1,-1,-1
166,3,368.124,88.124,275.951,265.562,1,-1,-1,-1
167,3,364.421,87.822,277.385,268.543,1,-1,-1,-1
168,3,360.435,86.860,280.171,273.006,1,-1,-1,-1
169,3,358.698,86.625,277.709,272.072,1,-1,-1,-1
170,3,353.650,82.603,283.206,279.106,1,-1,-1,-1
171,3,351.267,79.650,284.062,281.171,1,-1,-1,-1
172,3,330.029,74.555,293.448,287.829,1,-1,-1,-1
173,3,315.431,69.414,305.143,299.096,1,-1,-1,-1
174,3,311.767,66.847,303.578,295.600,1,-1,-1,-1
175,3,315.312,64.953,293.913,285.973,1,-1,-1,-1
176,3,318.377,63.831,290.396,281.989,1,-1,-1,-1
177,3,337.552,60.392,288.843,274.692,1,-1,-1,-1
178,3,340.891,58.481,302.719,284.542,1,-1,-1,-1
179,3,339.903,51.950,308.685,288.384,1,-1,-1,-1
180,3,340.852,46.741,304.232,282.051,1,-1,-1,-1
181,3,336.695,42.642,312.637,289.309,1,-1,-1,-1
182,3,331.378,42.168,320.653,297.261,1,-1,-1,-1
183,3,319.959,41.119,335.003,313.467,1,-1,-1,-1
184,3,318.447,43.386,335.508,316.076,1,-1,-1,-1
185,3,315.836,44.145,337.656,320.570,1,-1,-1,-1
186,3,313.082,42.787,339.722,325.422,1,-1,-1,-1
187,3,310.681,41.210,343.482,329.027,1,-1,-1,-1
188,3,306.698,40.675,338.693,327.079,1,-1,-1,-1
189,3,305.823,39.613,337.653,329.436,1,-1,-1,-1
190,3,309.346,39.450,333.585,328.595,1,-1,-1,-1
191,3,312.663,39.252,330.751,329.177,1,-1,-1,-1
192,3,318.853,39.430,327.795,329.710,1,-1,-1,-1
193,3,321.109,39.030,326.287,330.483,1,-1,-1,-1
194,3,324.231,38.836,323.235,329.081,1,-1,-1,-1
195,3,323.931,39.011,320.201,327.341,1,-1,-1,-1
196,3,325.011,39.245,314.998,321.965,1,-1,-1,-1
197,3,318.889,38.836,313.692,324.044,1,-1,-1,-1
198,3,317.867,39.193,309.656,323.108,1,-1,-1,-1
199,3,317.463,39.130,305.495,322.277,1,-1,-1,-1
200,3,318.206,39.187,301.318,321.212,1,-1,-1,-1
201,3,319.605,38.589,300.030,323.040,1,-1,-1,-1
202,3,324.861,38.959,299.866,324.274,1,-1,-1,-1
203,3,324.286,38.609,300.335,324.790,1,-1,-1,-1
204,3,341.388,40.425,298.771,320.053,1,-1,-1,-1
204,4,337.583,51.956,261.552,161.019,1,-1,-1,-1
205,3,345.559,41.505,300.882,318.415,1,-1,-1,-1
205,4,349.784,52.466,234.112,143.541,1,-1,-1,-1
206,3,346.348,43.746,303.730,316.426,1,-1,-1,-1
206,4,356.078,52.747,219.858,134.801,1,-1,-1,-1
207,3,346.324,47.079,307.092,315.227,1,-1,-1,-1
207,4,362.372,53.027,205.604,126.061,1,-1,-1,-1
208,3,348.367,49.839,309.598,313.364,1,-1,-1,-1
208,4,368.666,53.307,191.350,117.322,1,-1,-1,-1
209,3,350.075,50.973,311.091,311.400,1,-1,-1,-1
209,4,374.960,53.587,177.096,108.582,1,-1,-1,-1
210,3,352.424,57.884,308.874,305.209,1,-1,-1,-1
210,4,381.254,53.868,162.841,99.843,1,-1,-1,-1
211,3,355.144,60.543,307.865,300.097,1,-1,-1,-1
211,4,387.549,54.148,148.587,91.103,1,-1,-1,-1
212,3,349.156,59.249,310.413,300.847,1,-1,-1,-1
212,4,393.843,54.428,134.333,82.363,1,-1,-1,-1
213,3,351.102,53.298,263.874,252.877,1,-1,-1,-1
213,4,400.137,54.709,120.079,73.624,1,-1,-1,-1
214,3,326.373,46.361,306.556,297.427,1,-1,-1,-1
214,4,406.431,54.989,105.825,64.884,1,-1,-1,-1
215,3,332.797,41.871,276.136,266.549,1,-1,-1,-1
215,4,412.725,55.269,91.571,56.145,1,-1,-1,-1
216,3,326.183,38.055,316.837,307.359,1,-1,-1,-1
216,4,419.019,55.550,77.317,47.405,1,-1,-1,-1
217,3,312.047,33.031,329.496,324.278,1,-1,-1,-1
217,4,425.313,55.830,63.063,38.665,1,-1,-1,-1
218,3,325.903,29.454,297.065,294.601,1,-1,-1,-1
218,4,431.607,56.110,48.809,29.926,1,-1,-1,-1
219,3,303.292,28.088,318.352,320.428,1,-1,-1,-1
219,4,437.901,56.391,34.555,21.186,1,-1,-1,-1
220,3,315.941,28.947,282.237,279.448,1,-1,-1,-1
220,4,444.195,56.671,20.300,12.447,1,-1,-1,-1
221,3,295.666,32.459,311.776,311.188,1,-1,-1,-1
221,4,450.489,56.951,6.046,3.707,1,-1,-1,-1
222,3,291.337,33.886,319.563,320.712,1,-1,-1,-1
222,4,456.784,57.232,-8.208,-5.032,1,-1,-1,-1
223,3,288.975,34.660,321.962,325.003,1,-1,-1,-1
223,4,463.078,57.512,-22.462,-13.772,1,-1,-1,-1
224,3,286.567,35.288,325.761,330.723,1,-1,-1,-1
224,4,469.372,57.792,-36.716,-22.512,1,-1,-1,-1
225,3,284.798,35.999,326.530,333.125,1,-1,-1,-1
225,4,475.666,58.072,-50.970,-31.251,1,-1,-1,-1
226,3,282.286,36.250,326.700,334.714,1,-1,-1,-1
226,4,481.960,58.353,-65.224,-39.991,1,-1,-1,-1
227,3,275.482,36.428,326.450,335.903,1,-1,-1,-1
227,4,488.254,58.633,-79.478,-48.730,1,-1,-1,-1
228,3,272.328,37.311,326.072,336.521,1,-1,-1,-1
228,4,494.548,58.913,-93.732,-57.470,1,-1,-1,-1
229,3,285.095,72.801,296.551,301.101,1,-1,-1,-1
229,4,500.842,59.194,-107.987,-66.210,1,-1,-1,-1
230,3,286.544,84.352,290.305,291.160,1,-1,-1,-1
230,4,507.136,59.474,-122.241,-74.949,1,-1,-1,-1
231,3,283.566,83.043,293.782,292.102,1,-1,-1,-1
231,4,513.430,59.754,-136.495,-83.689,1,-1,-1,-1
232,3,283.253,86.010,294.087,289.604,1,-1,-1,-1
232,4,519.724,60.035,-150.749,-92.428,1,-1,-1,-1
233,3,281.743,85.089,297.575,290.695,1,-1,-1,-1
233,4,526.018,60.315,-165.003,-101.168,1,-1,-1,-1
234,3,275.975,77.034,306.391,298.201,1,-1,-1,-1
234,4,532.313,60.595,-179.257,-109.907,1,-1,-1,-1
235,3,274.029,75.082,309.685,300.200,1,-1,-1,-1
235,4,538.607,60.876,-193.511,-118.647,1,-1,-1,-1
236,3,270.147,69.751,315.501,305.637,1,-1,-1,-1
237,3,264.385,72.251,312.147,301.068,1,-1,-1,-1
238,3,270.117,74.513,311.073,298.933,1,-1,-1,-1
239,3,273.898,78.224,308.212,294.842,1,-1,-1,-1
240,3,275.507,80.839,307.187,292.512,1,-1,-1,-1
241,3,278.210,82.978,304.466,288.224,1,-1,-1,-1
242,3,278.285,83.255,305.194,287.838,1,-1,-1,-1
243,3,278.044,83.471,305.242,287.081,1,-1,-1,-1
244,3,285.577,80.288,309.591,292.329,1,-1,-1,-1
245,3,282.757,80.940,307.538,289.098,1,-1,-1,-1
246,3,278.031,76.702,313.019,293.516,1,-1,-1,-1
247,3,298.814,75.794,321.980,294.590,1,-1,-1,-1
248,3,280.833,73.058,324.365,296.972,1,-1,-1,-1
249,3,275.074,72.530,323.870,296.664,1,-1,-1,-1
250,3,273.338,69.434,325.769,298.706,1,-1,-1,-1
251,3,273.217,66.109,328.445,302.221,1,-1,-1,-1
252,3,273.101,62.706,329.672,304.683,1,-1,-1,-1
253,3,275.357,63.770,325.464,301.289,1,-1,-1,-1
254,3,284.139,65.533,315.016,290.512,1,-1,-1,-1
255,3,284.925,64.798,316.621,291.568,1,-1,-1,-1
256,3,282.458,62.319,321.288,296.213,1,-1,-1,-1
257,3,298.846,56.588,335.195,308.834,1,-1,-1,-1
258,3,302.708,51.192,344.549,316.574,1,-1,-1,-1
259,3,301.832,45.534,352.275,323.944,1,-1,-1,-1
260,3,299.260,42.295,356.308,328.448,1,-1,-1,-1
261,3,300.173,41.686,355.117,326.675,1,-1,-1,-1
262,3,301.766,41.081,355.040,325.442,1,-1,-1,-1
263,3,307.026,44.483,354.330,321.015,1,-1,-1,-1
264,3,309.531,46.379,356.758,320.218,1,-1,-1,-1
265,3,312.868,48.472,359.140,319.122,1,-1,-1,-1
266,3,315.172,51.812,360.518,317.849,1,-1,-1,-1
267,3,305.592,55.181,357.263,316.700,1,-1,-1,-1
268,3,300.298,59.764,350.067,312.740,1,-1,-1,-1
269,3,298.756,82.954,325.779,293.318,1,-1,-1,-1
270,3,313.990,124.658,282.889,251.614,1,-1,-1,-1
271,3,305.813,112.461,298.125,266.632,1,-1,-1,-1
272,3,322.321,152.198,258.197,226.212,1,-1,-1,-1
273,3,322.040,164.611,253.889,220.007,1,-1,-1,-1
274,3,317.895,156.159,268.278,231.247,1,-1,-1,-1
275,3,316.750,153.377,274.469,235.273,1,-1,-1,-1
276,3,309.927,137.817,296.621,254.641,1,-1,-1,-1
277,3,308.389,135.647,298.166,256.687,1,-1,-1,-1
278,3,322.523,102.296,349.949,298.900,1,-1,-1,-1
279,3,306.433,96.840,354.890,306.093,1,-1,-1,-1
280,3,298.431,93.249,357.773,311.858,1,-1,-1,-1
281,3,292.065,85.291,361.080,318.653,1,-1,-1,-1
282,3,291.254,80.961,362.234,322.752,1,-1,-1,-1
283,3,289.803,79.425,361.278,325.562,1,-1,-1,-1
284,3,291.231,77.885,360.666,328.328,1,-1,-1,-1
285,3,288.291,76.328,356.942,327.585,1,-1,-1,-1
286,3,286.161,76.117,355.686,329.343,1,-1,-1,-1
287,3,285.755,76.002,353.655,330.229,1,-1,-1,-1
288,3,286.684,75.781,350.385,329.685,1,-1,-1,-1
289,3,292.800,76.499,346.887,328.849,1,-1,-1,-1
290,3,296.446,76.847,344.438,328.453,1,-1,-1,-1
291,3,300.789,78.951,341.741,326.748,1,-1,-1,-1
292,3,302.716,83.541,338.496,323.927,1,-1,-1,-1
293,3,315.349,129.970,293.149,274.290,1,-1,-1,-1
294,3,313.658,143.983,283.212,261.282,1,-1,-1,-1
295,3,313.566,152.142,273.764,248.752,1,-1,-1,-1
296,3,309.682,154.228,272.515,244.669,1,-1,-1,-1
297,3,307.209,153.593,273.400,243.254,1,-1,-1,-1
298,3,303.712,154.287,274.503,242.276,1,-1,-1,-1
299,3,302.207,156.803,274.178,239.788,1,-1,-1,-1
300,3,279.542,106.837,325.895,289.556,1,-1,-1,-1
301,3,274.975,89.100,343.483,309.226,1,-1,-1,-1
302,3,275.823,85.637,343.107,312.430,1,-1,-1,-1
303,3,289.857,114.928,313.580,283.598,1,-1,-1,-1
304,3,298.801,127.609,305.533,274.444,1,-1,-1,-1
305,3,297.756,101.526,332.661,301.100,1,-1,-1,-1
306,3,301.508,90.734,338.399,308.344,1,-1,-1,-1
307,3,301.319,87.006,342.336,311.931,1,-1,-1,-1
308,3,301.130,83.277,346.274,315.519,1,-1,-1,-1
309,3,300.942,79.549,350.212,319.107,1,-1,-1,-1
310,3,300.753,75.821,354.150,322.695,1,-1,-1,-1
311,3,300.564,72.092,358.087,326.282,1,-1,-1,-1
312,3,364.819,70.650,349.526,309.738,1,-1,-1,-1
313,3,343.221,67.276,348.960,313.089,1,-1,-1,-1
314,3,345.722,63.746,351.322,315.207,1,-1,-1,-1
315,3,348.224,60.217,353.684,317.325,1,-1,-1,-1
315,8,35.277,61.643,541.127,219.100,1,-1,-1,-1
316,3,326.568,64.063,370.869,341.612,1,-1,-1,-1
316,8,26.019,66.471,556.924,225.153,1,-1,-1,-1
317,3,340.943,67.837,355.334,328.118,1,-1,-1,-1
317,8,22.196,62.286,562.832,226.951,1,-1,-1,-1
318,3,341.630,117.728,298.430,275.572,1,-1,-1,-1
318,8,-51.670,54.140,722.853,295.875,1,-1,-1,-1
319,3,342.680,120.886,295.103,272.501,1,-1,-1,-1
319,8,-83.642,50.052,790.566,329.475,1,-1,-1,-1
320,3,349.326,71.888,349.493,325.922,1,-1,-1,-1
320,8,-106.056,47.927,836.047,348.430,1,-1,-1,-1
321,3,354.382,61.649,357.765,335.588,1,-1,-1,-1
321,8,-128.470,45.802,881.527,367.384,1,-1,-1,-1
322,3,357.137,55.021,361.967,341.784,1,-1,-1,-1
322,8,-150.884,43.676,927.008,386.338,1,-1,-1,-1
322,9,359.346,216.358,230.288,174.418,1,-1,-1,-1
323,3,357.561,54.576,361.652,343.246,1,-1,-1,-1
323,8,-173.298,41.551,972.488,405.293,1,-1,-1,-1
323,9,364.375,226.331,218.481,165.476,1,-1,-1,-1
324,3,354.421,52.767,366.675,350.587,1,-1,-1,-1
324,8,-195.712,39.425,1017.969,424.247,1,-1,-1,-1
324,9,369.404,236.304,206.674,156.533,1,-1,-1,-1
325,3,355.721,49.786,367.910,353.286,1,-1,-1,-1
325,8,-218.127,37.300,1063.449,443.202,1,-1,-1,-1
325,9,343.262,192.758,261.047,198.414,1,-1,-1,-1
326,3,357.559,48.869,365.026,351.000,1,-1,-1,-1
326,8,-240.541,35.175,1108.930,462.156,1,-1,-1,-1
326,9,343.070,191.349,260.836,198.736,1,-1,-1,-1
327,3,356.736,48.979,365.347,351.679,1,-1,-1,-1
327,8,-262.955,33.049,1154.410,481.111,1,-1,-1,-1
327,9,340.252,186.221,265.655,203.351,1,-1,-1,-1
328,3,354.842,46.628,368.583,355.684,1,-1,-1,-1
328,8,-285.369,30.924,1199.891,500.065,1,-1,-1,-1
328,9,338.439,180.724,271.405,209.404,1,-1,-1,-1
329,3,357.371,46.406,365.703,352.906,1,-1,-1,-1
329,8,-307.783,28.798,1245.371,519.020,1,-1,-1,-1
329,9,341.290,179.644,270.396,210.057,1,-1,-1,-1
330,3,360.009,45.713,363.285,350.117,1,-1,-1,-1
330,8,-330.197,26.673,1290.852,537.974,1,-1,-1,-1
330,9,339.631,176.959,273.923,212.797,1,-1,-1,-1
331,3,364.009,45.373,357.074,342.391,1,-1,-1,-1
331,8,-352.611,24.547,1336.332,556.928,1,-1,-1,-1
331,9,356.487,189.147,253.024,195.639,1,-1,-1,-1
332,3,364.553,43.624,358.772,342.505,1,-1,-1,-1
332,8,-375.026,22.422,1381.813,575.883,1,-1,-1,-1
332,9,356.940,188.107,253.721,196.179,1,-1,-1,-1
333,3,357.025,44.637,359.778,343.924,1,-1,-1,-1
333,8,-397.440,20.297,1427.293,594.837,1,-1,-1,-1
333,9,357.394,187.067,254.419,196.719,1,-1,-1,-1
334,3,361.078,45.183,357.411,339.925,1,-1,-1,-1
334,8,-419.854,18.171,1472.773,613.792,1,-1,-1,-1
334,9,357.847,186.026,255.117,197.258,1,-1,-1,-1
335,3,364.143,45.636,356.094,337.081,1,-1,-1,-1
335,8,-442.268,16.046,1518.254,632.746,1,-1,-1,-1
335,9,342.169,172.217,267.790,209.348,1,-1,-1,-1
336,3,356.123,47.560,348.017,331.061,1,-1,-1,-1
336,8,-464.682,13.920,1563.734,651.701,1,-1,-1,-1
336,9,340.854,169.886,269.974,211.055,1,-1,-1,-1
337,3,361.290,49.547,347.562,329.847,1,-1,-1,-1
337,8,-487.096,11.795,1609.215,670.655,1,-1,-1,-1
337,9,339.539,167.554,272.158,212.763,1,-1,-1,-1
338,3,355.107,52.652,361.126,343.979,1,-1,-1,-1
338,8,-509.510,9.670,1654.695,689.609,1,-1,-1,-1
338,9,338.224,165.223,274.341,214.470,1,-1,-1,-1
339,3,362.118,55.504,351.125,333.247,1,-1,-1,-1
339,8,-531.924,7.544,1700.176,708.564,1,-1,-1,-1
339,9,344.582,179.726,263.786,207.925,1,-1,-1,-1
340,3,362.801,55.658,350.900,333.036,1,-1,-1,-1
340,8,-554.339,5.419,1745.656,727.518,1,-1,-1,-1
340,9,338.086,166.775,274.050,219.330,1,-1,-1,-1
341,3,372.698,60.109,343.474,321.508,1,-1,-1,-1
341,8,-576.753,3.293,1791.136,746.473,1,-1,-1,-1
341,9,332.057,160.753,282.267,229.349,1,-1,-1,-1
342,3,380.328,62.324,338.270,311.093,1,-1,-1,-1
342,8,-599.167,1.168,1836.617,765.427,1,-1,-1,-1
342,9,331.892,154.483,284.204,233.544,1,-1,-1,-1
343,3,368.629,65.105,322.851,298.646,1,-1,-1,-1
343,8,-621.581,-0.957,1882.097,784.382,1,-1,-1,-1
343,9,329.797,151.657,287.822,236.517,1,-1,-1,-1
344,3,363.242,67.189,315.948,294.433,1,-1,-1,-1
344,8,-643.995,-3.083,1927.577,803.336,1,-1,-1,-1
344,9,327.701,148.830,291.441,239.491,1,-1,-1,-1
345,3,359.738,69.635,313.586,293.979,1,-1,-1,-1
345,8,-666.409,-5.208,1973.058,822.291,1,-1,-1,-1
345,9,347.895,180.163,247.494,200.852,1,-1,-1,-1
346,3,359.245,70.961,310.067,290.681,1,-1,-1,-1
346,8,-688.823,-7.334,2018.538,841.245,1,-1,-1,-1
346,9,356.719,190.939,236.728,189.182,1,-1,-1,-1
347,3,349.914,135.474,267.796,250.493,1,-1,-1,-1
347,8,-711.237,-9.459,2064.019,860.199,1,-1,-1,-1
347,9,357.957,192.344,234.268,187.216,1,-1,-1,-1
348,3,342.336,95.370,305.007,287.494,1,-1,-1,-1
348,8,-733.651,-11.584,2109.499,879.154,1,-1,-1,-1
348,9,359.195,193.748,231.807,185.250,1,-1,-1,-1
349,3,342.361,84.055,315.654,300.675,1,-1,-1,-1
349,8,-10.304,87.613,664.531,285.695,1,-1,-1,-1
349,9,360.433,195.152,229.347,183.283,1,-1,-1,-1
350,3,342.630,80.248,317.960,305.098,1,-1,-1,-1
350,8,29.894,88.660,590.770,258.942,1,-1,-1,-1
350,9,361.670,196.556,226.886,181.317,1,-1,-1,-1
351,3,337.571,79.182,319.681,309.851,1,-1,-1,-1
351,8,27.730,94.129,576.565,254.269,1,-1,-1,-1
351,9,362.908,197.960,224.425,179.351,1,-1,-1,-1
352,3,334.034,78.213,322.995,317.088,1,-1,-1,-1
352,8,75.002,102.693,471.323,196.243,1,-1,-1,-1
352,9,364.146,199.364,221.965,177.384,1,-1,-1,-1
353,3,331.066,78.054,324.746,318.812,1,-1,-1,-1
353,8,86.765,106.594,450.933,180.205,1,-1,-1,-1
353,9,369.357,218.555,219.650,169.281,1,-1,-1,-1
354,3,338.384,79.631,319.276,317.534,1,-1,-1,-1
354,8,71.065,108.493,495.494,194.536,1,-1,-1,-1
354,9,371.366,221.568,216.379,166.759,1,-1,-1,-1
355,3,342.190,80.308,315.765,317.755,1,-1,-1,-1
355,8,40.972,107.891,581.391,231.696,1,-1,-1,-1
355,9,373.375,224.580,213.107,164.238,1,-1,-1,-1
356,3,343.877,81.099,314.685,319.859,1,-1,-1,-1
356,8,51.205,108.401,565.429,222.607,1,-1,-1,-1
356,9,375.384,227.593,209.836,161.717,1,-1,-1,-1
357,3,345.316,81.637,311.120,318.474,1,-1,-1,-1
357,8,55.626,110.783,563.436,221.822,1,-1,-1,-1
357,9,377.393,230.605,206.564,159.195,1,-1,-1,-1
358,3,359.556,85.730,305.230,314.309,1,-1,-1,-1
358,8,60.047,113.165,561.442,221.037,1,-1,-1,-1
358,9,379.402,233.618,203.293,156.674,1,-1,-1,-1
359,3,366.026,88.814,301.334,311.860,1,-1,-1,-1
359,8,64.468,115.547,559.448,220.252,1,-1,-1,-1
359,9,381.411,236.630,200.022,154.153,1,-1,-1,-1
360,3,357.828,84.343,299.103,311.124,1,-1,-1,-1
360,8,68.889,117.929,557.455,219.466,1,-1,-1,-1
360,9,383.420,239.643,196.750,151.631,1,-1,-1,-1
361,3,351.890,83.873,302.469,317.119,1,-1,-1,-1
361,8,73.310,120.311,555.461,218.681,1,-1,-1,-1
361,9,385.430,242.655,193.479,149.110,1,-1,-1,-1
362,3,353.565,81.718,299.583,315.792,1,-1,-1,-1
362,8,77.731,122.693,553.468,217.896,1,-1,-1,-1
362,9,387.439,245.668,190.207,146.589,1,-1,-1,-1
363,3,355.618,80.498,296.020,313.401,1,-1,-1,-1
363,8,82.152,125.075,551.474,217.111,1,-1,-1,-1
363,9,389.448,248.680,186.936,144.067,1,-1,-1,-1
364,3,371.203,96.820,279.412,293.749,1,-1,-1,-1
364,8,86.573,127.457,549.480,216.326,1,-1,-1,-1
364,9,391.457,251.693,183.664,141.546,1,-1,-1,-1
365,3,377.162,103.088,271.988,283.976,1,-1,-1,-1
365,8,90.994,129.839,547.487,215.541,1,-1,-1,-1
365,9,393.466,254.705,180.393,139.025,1,-1,-1,-1
366,3,365.207,86.564,286.122,300.499,1,-1,-1,-1
366,8,95.415,132.221,545.493,214.755,1,-1,-1,-1
366,9,395.475,257.718,177.121,136.503,1,-1,-1,-1
367,3,376.349,98.780,274.380,285.645,1,-1,-1,-1
367,8,99.836,134.603,543.500,213.970,1,-1,-1,-1
367,9,397.484,260.730,173.850,133.982,1,-1,-1,-1
368,3,380.245,104.428,266.860,275.580,1,-1,-1,-1
368,8,104.257,136.985,541.506,213.185,1,-1,-1,-1
368,9,399.493,263.743,170.578,131.461,1,-1,-1,-1
369,3,379.670,106.278,269.025,276.251,1,-1,-1,-1
369,8,108.678,139.367,539.512,212.400,1,-1,-1,-1
369,9,401.502,266.755,167.307,128.939,1,-1,-1,-1
370,3,379.627,105.921,271.612,277.227,1,-1,-1,-1
370,8,113.099,141.749,537.519,211.615,1,-1,-1,-1
370,9,403.511,269.768,164.035,126.418,1,-1,-1,-1
371,3,382.838,106.796,268.593,271.877,1,-1,-1,-1
371,8,117.520,144.131,535.525,210.830,1,-1,-1,-1
371,9,405.521,272.780,160.764,123.897,1,-1,-1,-1
372,3,384.342,109.166,265.240,265.750,1,-1,-1,-1
372,8,121.942,146.513,533.531,210.045,1,-1,-1,-1
372,9,407.530,275.793,157.492,121.375,1,-1,-1,-1
373,3,386.459,110.752,262.238,262.747,1,-1,-1,-1
373,8,126.363,148.895,531.538,209.259,1,-1,-1,-1
373,9,384.139,185.059,243.058,180.954,1,-1,-1,-1
374,3,382.993,112.887,262.602,261.428,1,-1,-1,-1
374,8,130.784,151.277,529.544,208.474,1,-1,-1,-1
374,9,385.090,183.463,243.773,181.485,1,-1,-1,-1
375,3,387.594,104.037,266.321,262.506,1,-1,-1,-1
375,8,135.205,153.659,527.550,207.689,1,-1,-1,-1
375,9,386.042,181.867,244.487,182.017,1,-1,-1,-1
376,3,387.290,97.036,274.170,268.772,1,-1,-1,-1
376,8,139.626,156.041,525.557,206.904,1,-1,-1,-1
376,9,386.993,180.270,245.202,182.549,1,-1,-1,-1
377,3,386.798,93.629,277.309,270.229,1,-1,-1,-1
377,8,144.047,158.423,523.563,206.119,1,-1,-1,-1
377,9,387.944,178.674,245.916,183.080,1,-1,-1,-1
378,3,386.918,91.758,280.665,271.460,1,-1,-1,-1
378,8,148.468,160.805,521.569,205.334,1,-1,-1,-1
378,9,388.895,177.078,246.631,183.612,1,-1,-1,-1
379,3,387.051,86.730,280.267,269.482,1,-1,-1,-1
379,8,152.889,163.187,519.576,204.549,1,-1,-1,-1
379,9,389.846,175.482,247.345,184.144,1,-1,-1,-1
380,3,388.272,84.690,279.875,267.955,1,-1,-1,-1
380,8,157.310,165.569,517.582,203.763,1,-1,-1,-1
380,9,390.797,173.885,248.060,184.675,1,-1,-1,-1
381,3,390.636,85.877,275.770,262.116,1,-1,-1,-1
381,8,161.731,167.951,515.588,202.978,1,-1,-1,-1
381,9,391.749,172.289,248.774,185.207,1,-1,-1,-1
382,3,375.509,93.018,279.007,259.098,1,-1,-1,-1
382,8,166.152,170.333,513.594,202.193,1,-1,-1,-1
382,9,392.700,170.693,249.489,185.739,1,-1,-1,-1
383,3,368.626,96.752,285.992,261.707,1,-1,-1,-1
383,8,170.574,172.715,511.601,201.408,1,-1,-1,-1
383,9,393.651,169.097,250.203,186.270,1,-1,-1,-1
384,3,362.031,95.668,295.306,267.388,1,-1,-1,-1
384,8,174.995,175.097,509.607,200.623,1,-1,-1,-1
384,9,394.602,167.500,250.918,186.802,1,-1,-1,-1
385,3,360.728,95.499,297.153,266.559,1,-1,-1,-1
385,8,179.416,177.479,507.613,199.838,1,-1,-1,-1
385,9,395.553,165.904,251.632,187.333,1,-1,-1,-1
386,3,359.876,95.621,300.180,268.099,1,-1,-1,-1
386,8,106.650,98.073,492.136,198.674,1,-1,-1,-1
386,9,396.504,164.308,252.347,187.865,1,-1,-1,-1
387,3,359.796,95.007,302.536,269.452,1,-1,-1,-1
387,8,108.011,97.480,490.157,197.875,1,-1,-1,-1
387,9,397.455,162.712,253.061,188.397,1,-1,-1,-1
388,3,363.700,96.334,298.939,264.852,1,-1,-1,-1
388,8,112.251,103.082,469.986,191.230,1,-1,-1,-1
388,9,398.407,161.115,253.776,188.928,1,-1,-1,-1
389,3,364.259,98.108,299.656,265.318,1,-1,-1,-1
389,8,113.719,103.225,466.316,189.737,1,-1,-1,-1
389,9,399.358,159.519,254.490,189.460,1,-1,-1,-1
390,3,367.843,100.234,299.566,264.745,1,-1,-1,-1
390,8,115.188,103.369,462.646,188.244,1,-1,-1,-1
390,9,400.309,157.923,255.205,189.992,1,-1,-1,-1
391,3,380.727,126.355,271.018,235.728,1,-1,-1,-1
391,8,116.656,103.512,458.976,186.750,1,-1,-1,-1
391,9,401.260,156.327,255.919,190.523,1,-1,-1,-1
392,3,382.870,129.721,266.854,232.101,1,-1,-1,-1
392,8,118.125,103.655,455.306,185.257,1,-1,-1,-1
392,9,402.211,154.730,256.634,191.055,1,-1,-1,-1
393,3,389.505,138.367,256.029,219.501,1,-1,-1,-1
393,8,119.594,103.798,451.636,183.764,1,-1,-1,-1
393,9,403.162,153.134,257.348,191.587,1,-1,-1,-1
394,3,394.141,145.355,245.898,206.626,1,-1,-1,-1
394,8,121.062,103.941,447.966,182.271,1,-1,-1,-1
394,9,404.113,151.538,258.063,192.118,1,-1,-1,-1
395,3,393.297,145.743,250.253,207.361,1,-1,-1,-1
395,8,122.531,104.085,444.296,180.778,1,-1,-1,-1
395,9,405.064,149.942,258.778,192.650,1,-1,-1,-1
396,3,389.574,142.960,254.663,208.886,1,-1,-1,-1
396,8,123.999,104.228,440.626,179.284,1,-1,-1,-1
396,9,406.016,148.345,259.492,193.181,1,-1,-1,-1
397,3,389.082,145.880,252.215,204.114,1,-1,-1,-1
397,8,125.468,104.371,436.956,177.791,1,-1,-1,-1
397,9,406.967,146.749,260.207,193.713,1,-1,-1,-1
398,3,388.560,148.363,250.818,200.198,1,-1,-1,-1
398,8,126.936,104.514,433.286,176.298,1,-1,-1,-1
398,9,407.918,145.153,260.921,194.245,1,-1,-1,-1
399,3,382.342,144.779,260.175,205.942,1,-1,-1,-1
399,8,128.405,104.658,429.616,174.805,1,-1,-1,-1
399,9,408.869,143.557,261.636,194.776,1,-1,-1,-1
400,3,380.273,149.552,261.622,205.009,1,-1,-1,-1
400,8,129.873,104.801,425.946,173.311,1,-1,-1,-1
400,9,409.820,141.960,262.350,195.308,1,-1,-1,-1
401,3,385.470,159.220,248.643,191.207,1,-1,-1,-1
401,8,131.342,104.944,422.276,171.818,1,-1,-1,-1
401,9,410.771,140.364,263.065,195.840,1,-1,-1,-1
402,3,396.522,175.176,228.169,170.040,1,-1,-1,-1
402,8,132.810,105.087,418.606,170.325,1,-1,-1,-1
402,9,411.722,138.768,263.779,196.371,1,-1,-1,-1
403,3,400.105,180.010,220.030,163.965,1,-1,-1,-1
403,8,134.279,105.230,414.936,168.832,1,-1,-1,-1
403,9,386.010,173.341,246.623,168.655,1,-1,-1,-1
404,3,403.689,184.844,211.890,157.889,1,-1,-1,-1
404,8,135.748,105.374,411.265,167.338,1,-1,-1,-1
404,9,364.890,143.852,293.020,205.609,1,-1,-1,-1
405,3,407.273,189.678,203.749,151.814,1,-1,-1,-1
405,8,137.216,105.517,407.595,165.845,1,-1,-1,-1
405,9,356.180,133.276,307.855,221.593,1,-1,-1,-1
406,3,410.858,194.512,195.607,145.739,1,-1,-1,-1
406,8,138.685,105.660,403.925,164.352,1,-1,-1,-1
406,9,352.457,128.813,315.094,231.301,1,-1,-1,-1
407,3,414.443,199.346,187.464,139.664,1,-1,-1,-1
407,8,140.153,105.803,400.255,162.859,1,-1,-1,-1
407,9,355.263,128.613,309.248,228.785,1,-1,-1,-1
408,3,418.029,204.180,179.320,133.589,1,-1,-1,-1
408,8,141.622,105.946,396.585,161.366,1,-1,-1,-1
408,9,359.311,131.409,298.679,221.035,1,-1,-1,-1
409,3,421.615,209.014,171.176,127.513,1,-1,-1,-1
409,8,143.090,106.090,392.915,159.872,1,-1,-1,-1
409,9,337.242,85.848,342.171,259.946,1,-1,-1,-1
410,3,425.202,213.848,163.030,121.438,1,-1,-1,-1
410,8,144.559,106.233,389.245,158.379,1,-1,-1,-1
410,9,331.891,70.610,350.709,272.383,1,-1,-1,-1
411,3,428.789,218.682,154.883,115.363,1,-1,-1,-1
411,8,146.027,106.376,385.575,156.886,1,-1,-1,-1
411,9,330.771,65.533,351.552,278.276,1,-1,-1,-1
412,3,432.376,223.516,146.735,109.288,1,-1,-1,-1
412,8,147.496,106.519,381.905,155.393,1,-1,-1,-1
412,9,335.293,80.367,336.954,270.703,1,-1,-1,-1
413,3,435.964,228.350,138.587,103.213,1,-1,-1,-1
413,8,148.964,106.662,378.235,153.899,1,-1,-1,-1
413,9,336.386,85.642,330.409,268.717,1,-1,-1,-1
414,3,439.553,233.184,130.437,97.137,1,-1,-1,-1
414,8,150.433,106.806,374.565,152.406,1,-1,-1,-1
414,9,337.512,89.353,325.186,267.301,1,-1,-1,-1
415,3,443.142,238.018,122.287,91.062,1,-1,-1,-1
415,8,151.901,106.949,370.895,150.913,1,-1,-1,-1
415,9,339.907,90.561,321.570,266.705,1,-1,-1,-1
416,3,446.732,242.851,114.135,84.987,1,-1,-1,-1
416,8,153.370,107.092,367.225,149.420,1,-1,-1,-1
416,9,342.825,74.920,319.161,267.056,1,-1,-1,-1
417,3,450.322,247.685,105.982,78.912,1,-1,-1,-1
417,8,154.838,107.235,363.555,147.926,1,-1,-1,-1
417,9,345.303,67.179,316.735,266.924,1,-1,-1,-1
418,3,453.912,252.519,97.829,72.837,1,-1,-1,-1
418,8,156.307,107.379,359.885,146.433,1,-1,-1,-1
418,9,341.380,63.763,325.980,277.384,1,-1,-1,-1
419,3,457.503,257.353,89.675,66.761,1,-1,-1,-1
419,9,342.615,62.658,322.886,276.762,1,-1,-1,-1
420,3,461.094,262.187,81.519,60.686,1,-1,-1,-1
420,9,341.696,61.276,323.506,279.711,1,-1,-1,-1
421,3,464.686,267.021,73.363,54.611,1,-1,-1,-1
421,9,341.579,58.722,321.010,279.699,1,-1,-1,-1
422,3,468.279,271.855,65.205,48.536,1,-1,-1,-1
422,9,341.843,50.515,323.941,285.053,1,-1,-1,-1
423,3,471.872,276.689,57.047,42.461,1,-1,-1,-1
423,9,340.461,46.739,326.268,289.973,1,-1,-1,-1
424,3,475.465,281.523,48.888,36.385,1,-1,-1,-1
424,9,334.383,41.640,327.341,292.965,1,-1,-1,-1
425,3,479.059,286.357,40.727,30.310,1,-1,-1,-1
425,9,330.031,39.510,328.769,296.183,1,-1,-1,-1
426,3,482.653,291.191,32.566,24.235,1,-1,-1,-1
426,9,329.913,38.410,326.942,295.985,1,-1,-1,-1
427,3,486.248,296.025,24.404,18.160,1,-1,-1,-1
427,9,336.720,57.187,317.495,287.763,1,-1,-1,-1
428,3,489.844,300.859,16.241,12.085,1,-1,-1,-1
428,9,341.925,64.167,306.133,276.954,1,-1,-1,-1
429,3,493.439,305.693,8.077,6.010,1,-1,-1,-1
429,9,345.125,68.591,298.145,268.514,1,-1,-1,-1
430,3,497.036,310.527,-0.088,-0.066,1,-1,-1,-1
430,9,347.480,71.889,294.782,264.014,1,-1,-1,-1
431,3,500.632,315.361,-8.254,-6.141,1,-1,-1,-1
431,9,346.265,73.275,294.408,262.237,1,-1,-1,-1
432,3,504.230,320.195,-16.421,-12.216,1,-1,-1,-1
432,9,345.613,71.663,295.069,261.921,1,-1,-1,-1
433,9,343.071,69.363,297.008,263.219,1,-1,-1,-1
434,9,340.009,67.606,299.339,264.781,1,-1,-1,-1
435,9,337.697,66.433,298.923,263.320,1,-1,-1,-1
436,9,327.233,65.648,301.559,263.607,1,-1,-1,-1
437,9,324.942,65.261,304.042,264.181,1,-1,-1,-1
438,9,329.384,64.946,304.323,264.324,1,-1,-1,-1
439,9,334.561,65.813,302.923,262.692,1,-1,-1,-1
440,9,325.966,64.838,307.155,265.707,1,-1,-1,-1
441,9,322.896,63.712,306.848,264.735,1,-1,-1,-1
442,9,314.763,63.141,311.518,266.866,1,-1,-1,-1
443,9,311.086,64.013,311.578,264.499,1,-1,-1,-1
444,9,325.104,101.227,274.129,226.110,1,-1,-1,-1
445,9,312.634,82.731,301.170,246.560,1,-1,-1,-1
446,9,320.236,107.961,273.800,218.188,1,-1,-1,-1
447,9,324.068,119.316,267.327,208.959,1,-1,-1,-1
448,9,320.092,121.339,269.971,207.169,1,-1,-1,-1
449,9,314.910,121.036,273.870,206.380,1,-1,-1,-1
450,9,308.840,121.465,278.005,206.371,1,-1,-1,-1
451,9,305.614,123.340,280.181,205.136,1,-1,-1,-1
452,9,301.846,123.377,284.061,205.873,1,-1,-1,-1
453,9,297.597,124.388,289.608,207.952,1,-1,-1,-1
454,9,293.730,125.919,292.898,208.592,1,-1,-1,-1
455,9,286.824,126.609,299.654,212.113,1,-1,-1,-1
456,9,281.285,126.167,304.033,214.441,1,-1,-1,-1
457,9,285.334,130.335,299.650,210.161,1,-1,-1,-1
458,9,256.944,64.390,380.873,275.625,1,-1,-1,-1
459,9,267.409,95.609,339.451,244.816,1,-1,-1,-1
460,9,273.699,106.366,327.257,235.660,1,-1,-1,-1
461,9,277.517,119.760,312.211,224.128,1,-1,-1,-1
462,9,273.221,121.470,311.079,223.356,1,-1,-1,-1
463,9,270.480,120.571,311.873,224.290,1,-1,-1,-1
464,9,269.893,118.953,314.536,226.406,1,-1,-1,-1
465,9,265.758,62.325,386.869,281.180,1,-1,-1,-1
466,9,274.610,105.205,331.885,240.330,1,-1,-1,-1
467,9,271.260,117.656,316.231,229.652,1,-1,-1,-1
468,9,272.028,119.135,313.474,228.575,1,-1,-1,-1
469,9,275.914,119.575,313.524,228.888,1,-1,-1,-1
470,9,276.776,120.035,312.944,229.179,1,-1,-1,-1
471,9,276.245,117.007,316.854,232.363,1,-1,-1,-1
472,9,277.635,117.586,317.631,232.939,1,-1,-1,-1
473,9,276.608,121.433,312.169,229.254,1,-1,-1,-1
474,9,278.493,127.575,302.198,222.013,1,-1,-1,-1
475,9,277.033,126.426,305.103,224.591,1,-1,-1,-1
476,9,275.082,119.142,317.566,234.083,1,-1,-1,-1
477,9,272.998,117.615,321.390,237.325,1,-1,-1,-1
478,9,264.797,121.292,316.712,236.531,1,-1,-1,-1
479,9,256.699,117.616,322.417,244.502,1,-1,-1,-1
479,17,233.531,43.415,544.585,330.682,1,-1,-1,-1
480,9,255.051,114.805,327.509,251.973,1,-1,-1,-1
480,17,216.889,44.619,595.389,361.532,1,-1,-1,-1
481,9,256.132,114.584,324.704,253.626,1,-1,-1,-1
481,17,200.246,45.823,646.194,392.381,1,-1,-1,-1
482,9,259.148,116.106,320.227,253.309,1,-1,-1,-1
482,17,183.603,47.027,696.999,423.231,1,-1,-1,-1
483,9,259.445,111.745,325.157,260.785,1,-1,-1,-1
483,17,166.960,48.230,747.803,454.080,1,-1,-1,-1
484,9,257.815,111.170,324.108,263.743,1,-1,-1,-1
484,17,150.318,49.434,798.608,484.930,1,-1,-1,-1
485,9,258.768,111.775,320.223,263.925,1,-1,-1,-1
485,17,133.675,50.638,849.413,515.779,1,-1,-1,-1
486,9,260.966,113.112,314.433,262.094,1,-1,-1,-1
486,17,117.032,51.842,900.217,546.629,1,-1,-1,-1
487,9,284.328,75.289,350.902,298.642,1,-1,-1,-1
487,17,100.390,53.046,951.022,577.478,1,-1,-1,-1
487,20,345.167,53.393,287.747,139.667,1,-1,-1,-1
488,9,286.274,59.057,365.537,314.751,1,-1,-1,-1
488,17,83.747,54.250,1001.827,608.328,1,-1,-1,-1
488,20,349.903,53.133,286.434,139.466,1,-1,-1,-1
489,9,274.782,49.729,371.875,324.782,1,-1,-1,-1
489,17,67.104,55.454,1052.632,639.178,1,-1,-1,-1
489,20,354.022,52.645,286.594,140.159,1,-1,-1,-1
490,9,279.601,46.733,371.529,326.631,1,-1,-1,-1
490,17,50.461,56.658,1103.436,670.027,1,-1,-1,-1
490,20,354.159,53.744,292.898,144.280,1,-1,-1,-1
491,9,272.558,42.418,371.192,330.229,1,-1,-1,-1
491,17,33.819,57.861,1154.241,700.877,1,-1,-1,-1
491,20,355.326,53.445,296.978,146.290,1,-1,-1,-1
491,22,88.057,117.681,402.857,208.488,1,-1,-1,-1
492,9,277.959,41.012,370.767,331.628,1,-1,-1,-1
492,17,17.176,59.065,1205.046,731.726,1,-1,-1,-1
492,20,356.494,53.146,301.059,148.300,1,-1,-1,-1
492,22,101.445,121.862,371.492,192.256,1,-1,-1,-1
493,9,281.949,39.762,371.955,334.759,1,-1,-1,-1
493,17,0.533,60.269,1255.850,762.576,1,-1,-1,-1
493,20,357.662,52.846,305.140,150.310,1,-1,-1,-1
493,22,114.834,126.042,340.127,176.024,1,-1,-1,-1
494,9,283.006,39.310,370.255,334.898,1,-1,-1,-1
494,17,-16.110,61.473,1306.655,793.425,1,-1,-1,-1
494,20,358.829,52.547,309.220,152.321,1,-1,-1,-1
494,22,128.222,130.222,308.762,159.791,1,-1,-1,-1
495,9,281.878,39.275,368.913,335.073,1,-1,-1,-1
495,17,-32.752,62.677,1357.460,824.275,1,-1,-1,-1
495,20,359.997,52.247,313.301,154.331,1,-1,-1,-1
495,22,141.611,134.402,277.397,143.559,1,-1,-1,-1
496,9,276.859,37.136,369.913,338.145,1,-1,-1,-1
496,17,-49.395,63.881,1408.264,855.125,1,-1,-1,-1
496,20,361.165,51.948,317.382,156.341,1,-1,-1,-1
496,22,155.000,138.582,246.031,127.327,1,-1,-1,-1
497,9,279.460,35.336,370.661,340.293,1,-1,-1,-1
497,17,-66.038,65.085,1459.069,885.974,1,-1,-1,-1
497,20,362.333,51.648,321.462,158.351,1,-1,-1,-1
497,22,168.388,142.762,214.666,111.095,1,-1,-1,-1
497,25,70.080,29.296,456.705,294.286,1,-1,-1,-1
498,9,280.423,34.635,369.801,340.222,1,-1,-1,-1
498,17,-82.680,66.289,1509.874,916.824,1,-1,-1,-1
498,20,363.500,51.349,325.543,160.361,1,-1,-1,-1
498,22,181.777,146.942,183.301,94.862,1,-1,-1,-1
498,25,75.508,27.849,446.592,287.769,1,-1,-1,-1
499,9,280.875,34.236,368.642,339.594,1,-1,-1,-1
499,17,-99.323,67.493,1560.678,947.673,1,-1,-1,-1
499,20,364.668,51.049,329.624,162.371,1,-1,-1,-1
499,22,195.165,151.123,151.936,78.630,1,-1,-1,-1
499,25,80.936,26.402,436.478,281.252,1,-1,-1,-1
500,9,280.817,33.793,368.651,340.076,1,-1,-1,-1
500,17,-115.966,68.696,1611.483,978.523,1,-1,-1,-1
500,20,365.836,50.750,333.704,164.381,1,-1,-1,-1
500,22,208.554,155.303,120.570,62.398,1,-1,-1,-1
500,25,86.364,24.954,426.365,274.735,1,-1,-1,-1
501,9,279.473,33.610,368.164,340.035,1,-1,-1,-1
501,17,-132.609,69.900,1662.288,1009.372,1,-1,-1,-1
501,20,367.003,50.450,337.785,166.391,1,-1,-1,-1
501,22,221.942,159.483,89.205,46.166,1,-1,-1,-1
501,25,91.793,23.507,416.251,268.218,1,-1,-1,-1
502,9,279.035,32.613,367.732,339.814,1,-1,-1,-1
502,17,-149.251,71.104,1713.092,1040.222,1,-1,-1,-1
502,20,368.171,50.151,341.866,168.401,1,-1,-1,-1
502,22,235.331,163.663,57.840,29.933,1,-1,-1,-1
502,25,97.221,22.060,406.138,261.702,1,-1,-1,-1
503,9,279.646,29.743,368.029,340.694,1,-1,-1,-1
503,17,-165.894,72.308,1763.897,1071.071,1,-1,-1,-1
503,20,369.339,49.852,345.946,170.412,1,-1,-1,-1
503,22,248.720,167.843,26.475,13.701,1,-1,-1,-1
503,25,102.649,20.612,396.024,255.185,1,-1,-1,-1
504,9,282.774,35.172,359.757,332.160,1,-1,-1,-1
504,17,-182.537,73.512,1814.702,1101.921,1,-1,-1,-1
504,20,370.507,49.552,350.027,172.422,1,-1,-1,-1
504,22,262.108,172.023,-4.891,-2.531,1,-1,-1,-1
504,25,108.077,19.165,385.911,248.668,1,-1,-1,-1
505,9,280.762,28.274,365.702,338.346,1,-1,-1,-1
505,17,-199.180,74.716,1865.506,1132.771,1,-1,-1,-1
505,20,371.674,49.253,354.108,174.432,1,-1,-1,-1
505,22,275.497,176.204,-36.256,-18.763,1,-1,-1,-1
505,25,113.506,17.718,375.797,242.151,1,-1,-1,-1
506,9,278.199,22.003,370.054,342.936,1,-1,-1,-1
506,17,-215.822,75.920,1916.311,1163.620,1,-1,-1,-1
506,20,372.842,48.953,358.188,176.442,1,-1,-1,-1
506,22,288.885,180.384,-67.621,-34.995,1,-1,-1,-1
506,25,118.934,16.270,365.684,235.634,1,-1,-1,-1
507,9,282.030,22.535,361.962,334.464,1,-1,-1,-1
507,17,-232.465,77.124,1967.116,1194.470,1,-1,-1,-1
507,20,374.010,48.654,362.269,178.452,1,-1,-1,-1
507,22,302.274,184.564,-98.986,-51.228,1,-1,-1,-1
507,25,124.362,14.823,355.570,229.118,1,-1,-1,-1
508,9,291.320,40.370,342.421,312.638,1,-1,-1,-1
508,17,-249.108,78.328,2017.920,1225.319,1,-1,-1,-1
508,20,375.177,48.354,366.349,180.462,1,-1,-1,-1
508,22,315.662,188.744,-130.351,-67.460,1,-1,-1,-1
508,25,129.790,13.376,345.457,222.601,1,-1,-1,-1
509,9,291.015,35.870,346.329,314.462,1,-1,-1,-1
509,17,-265.750,79.531,2068.725,1256.169,1,-1,-1,-1
509,20,376.345,48.055,370.430,182.472,1,-1,-1,-1
509,22,329.051,192.924,-161.717,-83.692,1,-1,-1,-1
509,25,135.218,11.929,335.343,216.084,1,-1,-1,-1
510,9,292.431,36.069,345.624,310.940,1,-1,-1,-1
510,20,377.513,47.755,374.511,184.482,1,-1,-1,-1
510,22,342.440,197.104,-193.082,-99.924,1,-1,-1,-1
510,25,140.647,10.481,325.230,209.567,1,-1,-1,-1
511,9,294.680,34.733,345.154,307.818,1,-1,-1,-1
511,20,378.681,47.456,378.591,186.493,1,-1,-1,-1
511,22,355.828,201.285,-224.447,-116.157,1,-1,-1,-1
511,25,146.075,9.034,315.116,203.050,1,-1,-1,-1
512,9,287.022,74.808,300.248,267.202,1,-1,-1,-1
512,20,379.848,47.157,382.672,188.503,1,-1,-1,-1
512,22,369.217,205.465,-255.812,-132.389,1,-1,-1,-1
512,25,151.503,7.587,305.003,196.533,1,-1,-1,-1
513,9,291.641,50.793,327.855,289.024,1,-1,-1,-1
513,20,381.016,46.857,386.753,190.513,1,-1,-1,-1
513,22,105.937,76.700,437.222,225.042,1,-1,-1,-1
513,25,156.931,6.139,294.889,190.017,1,-1,-1,-1
514,9,293.018,51.276,324.928,286.449,1,-1,-1,-1
514,20,382.184,46.558,390.833,192.523,1,-1,-1,-1
514,22,105.420,67.562,452.103,232.997,1,-1,-1,-1
514,25,390.069,49.246,267.068,169.308,1,-1,-1,-1
515,9,273.836,57.434,322.702,286.969,1,-1,-1,-1
515,20,383.351,46.258,394.914,194.533,1,-1,-1,-1
515,22,106.459,65.566,453.427,233.679,1,-1,-1,-1
515,25,394.147,56.415,263.524,163.512,1,-1,-1,-1
516,9,273.665,62.645,315.620,281.870,1,-1,-1,-1
516,20,368.824,67.759,302.873,149.055,1,-1,-1,-1
516,22,107.499,63.570,454.750,234.361,1,-1,-1,-1
516,25,411.265,58.339,252.057,156.397,1,-1,-1,-1
517,9,285.084,76.996,303.911,266.715,1,-1,-1,-1
517,20,374.714,70.629,288.556,138.139,1,-1,-1,-1
517,22,108.538,61.574,456.074,235.043,1,-1,-1,-1
517,25,428.382,60.263,240.591,149.282,1,-1,-1,-1
518,9,287.997,80.421,303.325,262.640,1,-1,-1,-1
518,20,374.562,70.487,280.015,128.800,1,-1,-1,-1
518,22,109.577,59.578,457.398,235.725,1,-1,-1,-1
518,25,445.500,62.186,229.124,142.168,1,-1,-1,-1
519,9,293.201,93.127,287.357,247.015,1,-1,-1,-1
519,20,388.590,68.518,255.155,109.973,1,-1,-1,-1
519,22,110.616,57.583,458.721,236.407,1,-1,-1,-1
519,25,462.617,64.110,217.658,135.053,1,-1,-1,-1
520,9,297.837,94.518,283.235,242.891,1,-1,-1,-1
520,20,367.454,68.673,291.939,122.514,1,-1,-1,-1
520,22,111.656,55.587,460.045,237.089,1,-1,-1,-1
520,25,479.735,66.034,206.192,127.938,1,-1,-1,-1
521,9,303.938,99.484,280.398,238.606,1,-1,-1,-1
521,20,349.938,68.780,317.718,130.469,1,-1,-1,-1
521,22,112.695,53.591,461.369,237.772,1,-1,-1,-1
521,25,496.853,67.958,194.725,120.824,1,-1,-1,-1
522,9,325.963,74.737,313.517,260.879,1,-1,-1,-1
522,20,348.817,68.949,317.383,130.331,1,-1,-1,-1
522,22,113.734,51.595,462.692,238.454,1,-1,-1,-1
522,25,513.970,69.882,183.259,113.709,1,-1,-1,-1
523,9,322.369,67.271,330.702,267.890,1,-1,-1,-1
523,20,347.696,69.117,317.047,130.192,1,-1,-1,-1
523,22,114.773,49.599,464.016,239.136,1,-1,-1,-1
523,25,531.088,71.805,171.793,106.594,1,-1,-1,-1
524,9,327.751,66.655,330.027,267.343,1,-1,-1,-1
524,20,346.575,69.285,316.711,130.054,1,-1,-1,-1
524,22,166.219,71.399,547.674,282.488,1,-1,-1,-1
524,25,548.206,73.729,160.326,99.479,1,-1,-1,-1
525,9,325.101,63.838,347.523,275.271,1,-1,-1,-1
525,20,345.454,69.454,316.376,129.916,1,-1,-1,-1
525,22,170.174,70.785,553.798,285.647,1,-1,-1,-1
525,25,565.324,75.653,148.860,92.365,1,-1,-1,-1
526,9,319.049,63.452,359.125,278.112,1,-1,-1,-1
526,20,344.333,69.622,316.040,129.778,1,-1,-1,-1
526,22,174.128,70.170,559.923,288.806,1,-1,-1,-1
526,25,582.441,77.577,137.393,85.250,1,-1,-1,-1
527,9,297.598,74.570,346.982,271.821,1,-1,-1,-1
527,20,343.212,69.790,315.704,129.640,1,-1,-1,-1
527,22,178.082,69.556,566.047,291.965,1,-1,-1,-1
527,25,599.559,79.501,125.927,78.135,1,-1,-1,-1
528,9,289.030,87.373,328.747,259.930,1,-1,-1,-1
528,20,342.091,69.959,315.369,129.501,1,-1,-1,-1
528,22,182.036,68.941,572.171,295.123,1,-1,-1,-1
528,25,616.677,81.424,114.460,71.020,1,-1,-1,-1
529,9,287.766,85.738,333.526,265.495,1,-1,-1,-1
529,20,340.970,70.127,315.033,129.363,1,-1,-1,-1
529,22,185.991,68.326,578.296,298.282,1,-1,-1,-1
529,25,633.794,83.348,102.994,63.906,1,-1,-1,-1
530,9,287.642,87.089,332.797,264.914,1,-1,-1,-1
530,20,339.849,70.295,314.697,129.225,1,-1,-1,-1
530,22,160.085,89.202,500.999,263.300,1,-1,-1,-1
530,25,650.912,85.272,91.528,56.791,1,-1,-1,-1
531,9,287.169,93.380,322.285,258.624,1,-1,-1,-1
531,20,338.728,70.464,314.362,129.087,1,-1,-1,-1
531,22,161.555,90.135,501.783,263.712,1,-1,-1,-1
531,25,668.030,87.196,80.061,49.676,1,-1,-1,-1
532,9,283.495,97.049,319.339,259.062,1,-1,-1,-1
532,20,337.607,70.632,314.026,128.948,1,-1,-1,-1
532,22,163.024,91.068,502.566,264.123,1,-1,-1,-1
532,25,685.147,89.120,68.595,42.562,1,-1,-1,-1
533,9,285.590,99.420,318.584,260.248,1,-1,-1,-1
533,20,336.486,70.800,313.690,128.810,1,-1,-1,-1
533,22,164.494,92.002,503.349,264.535,1,-1,-1,-1
533,25,702.265,91.043,57.128,35.447,1,-1,-1,-1
534,9,306.093,79.994,348.405,280.394,1,-1,-1,-1
534,20,335.365,70.969,313.355,128.672,1,-1,-1,-1
534,22,165.964,92.935,504.132,264.947,1,-1,-1,-1
534,25,719.383,92.967,45.662,28.332,1,-1,-1,-1
535,9,306.295,72.821,365.694,289.504,1,-1,-1,-1
535,20,334.244,71.137,313.019,128.534,1,-1,-1,-1
535,22,167.434,93.868,504.915,265.358,1,-1,-1,-1
535,25,736.501,94.891,34.195,21.217,1,-1,-1,-1
536,9,308.387,71.789,368.702,291.884,1,-1,-1,-1
536,20,333.123,71.305,312.683,128.396,1,-1,-1,-1
536,22,214.321,75.125,530.497,289.138,1,-1,-1,-1
536,25,753.618,96.815,22.729,14.103,1,-1,-1,-1
537,9,310.480,70.757,371.709,294.264,1,-1,-1,-1
537,20,332.002,71.473,312.348,128.257,1,-1,-1,-1
537,22,193.894,78.545,541.204,291.300,1,-1,-1,-1
537,25,770.736,98.739,11.262,6.988,1,-1,-1,-1
538,9,312.573,69.725,374.716,296.644,1,-1,-1,-1
538,20,330.881,71.642,312.012,128.119,1,-1,-1,-1
538,22,186.048,84.375,537.765,283.726,1,-1,-1,-1
538,25,787.854,100.662,-0.204,-0.127,1,-1,-1,-1
539,9,314.665,68.693,377.724,299.024,1,-1,-1,-1
539,20,329.760,71.810,311.676,127.981,1,-1,-1,-1
539,22,171.919,84.063,541.869,280.684,1,-1,-1,-1
539,25,804.971,102.586,-11.671,-7.242,1,-1,-1,-1
540,9,316.758,67.661,380.731,301.404,1,-1,-1,-1
540,20,328.639,71.978,311.341,127.843,1,-1,-1,-1
540,22,137.156,93.537,512.959,267.405,1,-1,-1,-1
540,25,822.089,104.510,-23.138,-14.356,1,-1,-1,-1
541,9,318.851,66.629,383.738,303.784,1,-1,-1,-1
541,20,327.518,72.147,311.005,127.704,1,-1,-1,-1
541,22,120.625,97.233,482.605,257.281,1,-1,-1,-1
541,25,839.207,106.434,-34.604,-21.471,1,-1,-1,-1
542,9,320.943,65.597,386.746,306.163,1,-1,-1,-1
542,20,326.397,72.315,310.669,127.566,1,-1,-1,-1
542,22,116.950,98.752,465.284,251.136,1,-1,-1,-1
542,25,856.325,108.358,-46.071,-28.586,1,-1,-1,-1
543,9,323.036,64.565,389.753,308.543,1,-1,-1,-1
543,20,325.276,72.483,310.333,127.428,1,-1,-1,-1
543,22,109.244,95.009,459.331,249.420,1,-1,-1,-1
543,25,873.442,110.281,-57.537,-35.701,1,-1,-1,-1
544,9,325.128,63.532,392.761,310.923,1,-1,-1,-1
544,20,324.155,72.652,309.998,127.290,1,-1,-1,-1
544,22,125.925,94.300,447.625,246.909,1,-1,-1,-1
544,25,890.560,112.205,-69.004,-42.815,1,-1,-1,-1
545,9,327.221,62.500,395.768,313.303,1,-1,-1,-1
545,20,323.034,72.820,309.662,127.152,1,-1,-1,-1
545,22,136.656,96.977,431.334,240.249,1,-1,-1,-1
545,25,907.678,114.129,-80.470,-49.930,1,-1,-1,-1
546,9,329.314,61.468,398.775,315.683,1,-1,-1,-1
546,20,321.913,72.988,309.326,127.013,1,-1,-1,-1
546,22,137.140,97.719,425.739,238.327,1,-1,-1,-1
547,9,331.406,60.436,401.783,318.063,1,-1,-1,-1
547,20,320.792,73.157,308.991,126.875,1,-1,-1,-1
547,22,139.876,97.741,424.053,240.615,1,-1,-1,-1
548,9,333.499,59.404,404.791,320.443,1,-1,-1,-1
548,20,319.671,73.325,308.655,126.737,1,-1,-1,-1
548,22,139.897,99.165,422.291,241.154,1,-1,-1,-1
549,9,292.510,35.144,393.606,296.581,1,-1,-1,-1
549,20,318.550,73.493,308.319,126.599,1,-1,-1,-1
549,22,136.683,97.992,431.194,248.099,1,-1,-1,-1
550,9,292.577,32.731,394.700,297.402,1,-1,-1,-1
550,20,317.429,73.662,307.984,126.461,1,-1,-1,-1
550,22,140.866,98.169,427.063,246.117,1,-1,-1,-1
551,9,292.644,30.319,395.794,298.222,1,-1,-1,-1
551,20,316.309,73.830,307.648,126.322,1,-1,-1,-1
551,22,145.437,96.398,418.117,240.520,1,-1,-1,-1
552,9,292.711,27.906,396.887,299.042,1,-1,-1,-1
552,22,142.629,93.804,422.891,243.237,1,-1,-1,-1
553,9,292.778,25.494,397.981,299.862,1,-1,-1,-1
553,22,137.451,94.785,436.079,252.438,1,-1,-1,-1
554,9,292.846,23.081,399.075,300.683,1,-1,-1,-1
554,22,127.716,96.919,444.444,259.197,1,-1,-1,-1
555,9,292.913,20.668,400.169,301.503,1,-1,-1,-1
555,22,121.408,99.256,448.962,264.786,1,-1,-1,-1
556,9,292.980,18.256,401.263,302.323,1,-1,-1,-1
556,22,121.601,99.895,443.736,263.700,1,-1,-1,-1
556,29,262.480,85.909,506.710,269.420,1,-1,-1,-1
557,9,293.047,15.843,402.357,303.143,1,-1,-1,-1
557,22,121.286,98.893,442.567,264.987,1,-1,-1,-1
557,29,259.315,88.158,501.307,266.531,1,-1,-1,-1
558,9,293.114,13.431,403.450,303.964,1,-1,-1,-1
558,22,118.987,98.029,445.246,268.514,1,-1,-1,-1
558,29,259.169,89.846,501.390,266.575,1,-1,-1,-1
559,9,293.181,11.018,404.544,304.784,1,-1,-1,-1
559,22,119.429,97.499,442.140,268.034,1,-1,-1,-1
559,29,271.468,88.990,480.427,257.366,1,-1,-1,-1
560,9,293.248,8.605,405.638,305.604,1,-1,-1,-1
560,22,125.409,96.044,429.603,260.924,1,-1,-1,-1
560,29,273.661,90.115,476.684,255.361,1,-1,-1,-1
561,9,293.315,6.193,406.732,306.424,1,-1,-1,-1
561,22,129.636,95.476,417.667,253.801,1,-1,-1,-1
561,29,275.853,91.240,472.941,253.355,1,-1,-1,-1
562,9,293.382,3.780,407.826,307.245,1,-1,-1,-1
562,22,131.326,94.820,415.602,252.442,1,-1,-1,-1
562,29,278.045,92.365,469.198,251.350,1,-1,-1,-1
563,9,293.449,1.367,408.921,308.065,1,-1,-1,-1
563,22,134.894,95.013,429.950,259.929,1,-1,-1,-1
563,29,280.237,93.490,465.455,249.345,1,-1,-1,-1
564,9,293.516,-1.045,410.015,308.885,1,-1,-1,-1
564,22,136.193,95.097,426.177,256.431,1,-1,-1,-1
564,29,282.430,94.615,461.712,247.340,1,-1,-1,-1
565,9,293.583,-3.458,411.109,309.705,1,-1,-1,-1
565,22,126.175,95.621,433.142,261.646,1,-1,-1,-1
565,29,284.622,95.740,457.969,245.335,1,-1,-1,-1
566,9,293.650,-5.870,412.203,310.526,1,-1,-1,-1
566,22,122.098,96.450,434.639,263.707,1,-1,-1,-1
566,29,297.286,74.689,480.962,261.303,1,-1,-1,-1
567,9,394.226,72.947,357.006,263.738,1,-1,-1,-1
567,22,124.075,98.500,428.499,260.096,1,-1,-1,-1
567,29,300.184,73.590,480.590,261.101,1,-1,-1,-1
568,9,409.832,73.342,350.611,258.610,1,-1,-1,-1
568,22,126.791,99.478,432.227,262.024,1,-1,-1,-1
568,29,303.082,72.491,480.218,260.899,1,-1,-1,-1
569,9,414.496,74.319,349.910,257.000,1,-1,-1,-1
569,22,127.876,101.126,430.417,259.658,1,-1,-1,-1
569,29,305.980,71.391,479.845,260.697,1,-1,-1,-1
570,9,412.831,73.483,353.913,258.588,1,-1,-1,-1
570,22,125.914,102.298,435.910,262.021,1,-1,-1,-1
570,29,308.878,70.292,479.473,260.494,1,-1,-1,-1
571,9,406.262,71.475,367.336,269.514,1,-1,-1,-1
571,22,130.735,104.005,436.557,260.348,1,-1,-1,-1
571,29,311.777,69.192,479.100,260.292,1,-1,-1,-1
572,9,412.210,68.037,369.379,274.199,1,-1,-1,-1
572,22,130.956,104.710,436.785,260.485,1,-1,-1,-1
572,29,314.675,68.093,478.728,260.090,1,-1,-1,-1
573,9,414.389,63.566,374.452,282.606,1,-1,-1,-1
573,22,131.178,105.415,437.013,260.623,1,-1,-1,-1
573,29,317.573,66.994,478.355,259.887,1,-1,-1,-1
574,9,411.465,59.134,383.124,294.296,1,-1,-1,-1
574,22,131.399,106.120,437.241,260.760,1,-1,-1,-1
574,29,320.471,65.894,477.983,259.685,1,-1,-1,-1
575,9,413.544,58.338,386.898,297.193,1,-1,-1,-1
575,22,131.620,106.826,437.469,260.898,1,-1,-1,-1
575,29,323.369,64.795,477.611,259.483,1,-1,-1,-1
576,9,415.622,57.542,390.672,300.089,1,-1,-1,-1
576,22,131.841,107.531,437.697,261.035,1,-1,-1,-1
576,29,326.268,63.696,477.238,259.280,1,-1,-1,-1
577,9,417.700,56.746,394.447,302.986,1,-1,-1,-1
577,22,132.063,108.236,437.925,261.173,1,-1,-1,-1
577,29,329.166,62.596,476.866,259.078,1,-1,-1,-1
578,9,419.779,55.950,398.221,305.883,1,-1,-1,-1
578,22,132.284,108.941,438.153,261.310,1,-1,-1,-1
578,29,332.064,61.497,476.493,258.876,1,-1,-1,-1
579,9,421.857,55.155,401.996,308.779,1,-1,-1,-1
579,22,132.505,109.646,438.381,261.448,1,-1,-1,-1
579,29,334.962,60.397,476.121,258.674,1,-1,-1,-1
580,9,423.935,54.359,405.770,311.676,1,-1,-1,-1
580,22,132.727,110.352,438.609,261.585,1,-1,-1,-1
580,29,337.860,59.298,475.749,258.471,1,-1,-1,-1
581,9,426.013,53.563,409.545,314.573,1,-1,-1,-1
581,22,132.948,111.057,438.837,261.723,1,-1,-1,-1
581,29,340.758,58.199,475.376,258.269,1,-1,-1,-1
581,31,466.396,0.000,344.318,360.014,1,-1,-1,-1
582,9,428.091,52.767,413.319,317.469,1,-1,-1,-1
582,22,133.169,111.762,439.065,261.860,1,-1,-1,-1
582,29,343.657,57.099,475.004,258.067,1,-1,-1,-1
582,31,471.009,0.000,344.711,360.637,1,-1,-1,-1
583,9,430.170,51.971,417.094,320.366,1,-1,-1,-1
583,22,133.390,112.467,439.293,261.998,1,-1,-1,-1
583,29,346.555,56.000,474.631,257.864,1,-1,-1,-1
583,31,473.362,0.000,344.797,360.803,1,-1,-1,-1
584,9,432.248,51.176,420.869,323.263,1,-1,-1,-1
584,22,133.612,113.172,439.521,262.135,1,-1,-1,-1
584,29,349.453,54.901,474.259,257.662,1,-1,-1,-1
584,31,480.036,0.000,340.620,356.086,1,-1,-1,-1
585,9,434.326,50.380,424.644,326.159,1,-1,-1,-1
585,22,133.833,113.878,439.749,262.273,1,-1,-1,-1
585,29,352.351,53.801,473.887,257.460,1,-1,-1,-1
585,31,484.823,0.000,339.906,355.339,1,-1,-1,-1
586,9,436.404,49.584,428.419,329.056,1,-1,-1,-1
586,22,134.054,114.583,439.977,262.410,1,-1,-1,-1
586,29,355.249,52.702,473.514,257.257,1,-1,-1,-1
586,31,489.610,0.000,339.191,354.593,1,-1,-1,-1
587,9,438.482,48.788,432.194,331.953,1,-1,-1,-1
587,22,85.871,173.788,337.842,205.201,1,-1,-1,-1
587,29,358.148,51.602,473.142,257.055,1,-1,-1,-1
587,31,494.397,0.000,338.477,353.846,1,-1,-1,-1
588,9,440.560,47.992,435.969,334.849,1,-1,-1,-1
588,22,87.977,176.650,329.182,202.280,1,-1,-1,-1
588,29,361.046,50.503,472.769,256.853,1,-1,-1,-1
588,31,499.184,0.000,337.763,353.100,1,-1,-1,-1
589,9,442.638,47.197,439.744,337.746,1,-1,-1,-1
589,22,85.545,180.527,324.169,199.201,1,-1,-1,-1
589,29,363.944,49.404,472.397,256.651,1,-1,-1,-1
589,31,503.970,0.000,337.049,352.353,1,-1,-1,-1
590,9,444.716,46.401,443.519,340.642,1,-1,-1,-1
590,22,90.297,176.681,320.963,198.715,1,-1,-1,-1
590,29,366.842,48.304,472.025,256.448,1,-1,-1,-1
590,31,508.757,0.000,336.334,351.606,1,-1,-1,-1
591,9,446.793,45.605,447.295,343.539,1,-1,-1,-1
591,22,92.529,179.286,314.261,195.793,1,-1,-1,-1
591,29,369.740,47.205,471.652,256.246,1,-1,-1,-1
591,31,513.544,0.000,335.620,350.860,1,-1,-1,-1
592,9,448.871,44.809,451.070,346.436,1,-1,-1,-1
592,22,91.359,182.011,309.873,193.061,1,-1,-1,-1
592,29,372.638,46.106,471.280,256.044,1,-1,-1,-1
592,31,523.914,0.000,346.679,367.163,1,-1,-1,-1
593,9,450.949,44.013,454.845,349.332,1,-1,-1,-1
593,22,90.189,184.736,305.484,190.329,1,-1,-1,-1
593,29,375.537,45.006,470.907,255.841,1,-1,-1,-1
593,31,530.453,0.000,342.207,367.259,1,-1,-1,-1
594,9,453.027,43.218,458.621,352.229,1,-1,-1,-1
594,22,89.019,187.461,301.096,187.596,1,-1,-1,-1
594,29,378.435,43.907,470.535,255.639,1,-1,-1,-1
594,31,534.889,0.000,337.771,366.927,1,-1,-1,-1
595,9,455.105,42.422,462.396,355.126,1,-1,-1,-1
595,22,87.849,190.186,296.708,184.864,1,-1,-1,-1
595,29,381.333,42.807,470.163,255.437,1,-1,-1,-1
595,31,539.257,0.000,334.022,367.510,1,-1,-1,-1
596,9,457.182,41.626,466.172,358.022,1,-1,-1,-1
596,22,86.679,192.911,292.320,182.132,1,-1,-1,-1
596,29,384.231,41.708,469.790,255.234,1,-1,-1,-1
596,31,541.997,0.000,330.585,367.996,1,-1,-1,-1
597,9,459.260,40.830,469.947,360.919,1,-1,-1,-1
597,22,85.509,195.636,287.932,179.400,1,-1,-1,-1
597,31,546.043,0.000,331.129,368.602,1,-1,-1,-1
598,9,461.338,40.034,473.723,363.816,1,-1,-1,-1
598,22,84.339,198.361,283.544,176.668,1,-1,-1,-1
598,31,550.090,0.000,331.674,369.208,1,-1,-1,-1
599,9,463.415,39.239,477.499,366.712,1,-1,-1,-1
599,22,83.168,201.086,279.156,173.935,1,-1,-1,-1
599,31,554.137,0.000,332.218,369.814,1,-1,-1,-1
600,9,465.493,38.443,481.275,369.609,1,-1,-1,-1
600,22,81.998,203.811,274.768,171.203,1,-1,-1,-1
600,31,558.183,0.000,332.762,370.420,1,-1,-1,-1
601,9,467.570,37.647,485.051,372.506,1,-1,-1,-1
601,22,80.828,206.536,270.380,168.471,1,-1,-1,-1
601,31,562.230,0.000,333.306,371.026,1,-1,-1,-1
602,9,469.648,36.851,488.827,375.402,1,-1,-1,-1
602,22,79.657,209.262,265.993,165.739,1,-1,-1,-1
602,31,566.277,0.000,333.850,371.632,1,-1,-1,-1
603,9,471.725,36.055,492.603,378.299,1,-1,-1,-1
603,22,78.487,211.987,261.605,163.006,1,-1,-1,-1
603,31,570.324,0.000,334.395,372.238,1,-1,-1,-1
604,9,473.803,35.260,496.379,381.196,1,-1,-1,-1
604,22,77.317,214.712,257.218,160.274,1,-1,-1,-1
604,31,574.370,0.000,334.939,372.844,1,-1,-1,-1
605,22,76.146,217.437,252.830,157.542,1,-1,-1,-1
605,31,578.417,0.000,335.483,373.450,1,-1,-1,-1
606,22,74.976,220.162,248.443,154.810,1,-1,-1,-1
606,31,582.464,0.000,336.027,374.056,1,-1,-1,-1
607,22,73.805,222.887,244.056,152.078,1,-1,-1,-1
607,31,586.510,0.000,336.572,374.662,1,-1,-1,-1
608,22,72.634,225.612,239.669,149.345,1,-1,-1,-1
608,31,561.887,0.000,297.375,332.854,1,-1,-1,-1
608,33,25.591,116.593,539.280,230.034,1,-1,-1,-1
609,22,71.464,228.337,235.282,146.613,1,-1,-1,-1
609,31,558.869,0.000,302.172,341.744,1,-1,-1,-1
609,33,21.472,119.844,543.065,231.648,1,-1,-1,-1
610,22,70.293,231.062,230.895,143.881,1,-1,-1,-1
610,31,559.490,0.000,301.505,343.834,1,-1,-1,-1
610,33,17.353,123.096,546.849,233.263,1,-1,-1,-1
611,22,69.122,233.787,226.508,141.149,1,-1,-1,-1
611,31,559.260,0.000,301.650,346.536,1,-1,-1,-1
611,33,13.234,126.347,550.634,234.877,1,-1,-1,-1
612,22,29.639,212.049,305.875,190.339,1,-1,-1,-1
612,31,558.096,0.000,303.711,351.740,1,-1,-1,-1
612,33,9.116,129.599,554.419,236.491,1,-1,-1,-1
613,22,26.660,213.612,305.445,190.073,1,-1,-1,-1
613,31,564.969,2.194,292.969,339.834,1,-1,-1,-1
613,33,4.997,132.850,558.203,238.106,1,-1,-1,-1
614,22,23.680,215.175,305.015,189.807,1,-1,-1,-1
614,31,572.910,12.659,279.519,322.765,1,-1,-1,-1
614,33,0.878,136.101,561.988,239.720,1,-1,-1,-1
615,22,20.700,216.738,304.585,189.542,1,-1,-1,-1
615,31,575.588,22.229,275.162,316.552,1,-1,-1,-1
615,33,-3.241,139.353,565.772,241.334,1,-1,-1,-1
616,22,17.720,218.301,304.156,189.276,1,-1,-1,-1
616,31,607.711,34.668,208.981,222.547,1,-1,-1,-1
616,33,-7.360,142.604,569.557,242.949,1,-1,-1,-1
617,22,14.740,219.864,303.726,189.010,1,-1,-1,-1
617,31,616.531,38.730,181.216,181.185,1,-1,-1,-1
617,33,-11.479,145.856,573.342,244.563,1,-1,-1,-1
618,22,11.760,221.427,303.296,188.745,1,-1,-1,-1
618,31,573.602,36.924,257.611,260.381,1,-1,-1,-1
618,33,-15.597,149.107,577.126,246.177,1,-1,-1,-1
619,22,8.780,222.990,302.866,188.479,1,-1,-1,-1
619,31,588.362,34.449,219.391,213.533,1,-1,-1,-1
619,33,-19.716,152.359,580.911,247.792,1,-1,-1,-1
620,22,5.800,224.553,302.436,188.213,1,-1,-1,-1
620,31,593.013,28.273,202.209,191.175,1,-1,-1,-1
620,33,-23.835,155.610,584.695,249.406,1,-1,-1,-1
621,22,2.820,226.116,302.006,187.948,1,-1,-1,-1
621,31,588.573,24.934,203.730,189.273,1,-1,-1,-1
621,33,-27.954,158.861,588.480,251.020,1,-1,-1,-1
622,22,-0.159,227.679,301.576,187.682,1,-1,-1,-1
622,31,575.426,9.081,225.884,210.226,1,-1,-1,-1
622,33,-32.073,162.113,592.265,252.635,1,-1,-1,-1
623,22,-3.139,229.242,301.147,187.416,1,-1,-1,-1
623,31,570.971,2.205,233.060,217.561,1,-1,-1,-1
623,33,-36.191,165.364,596.049,254.249,1,-1,-1,-1
624,22,-6.119,230.805,300.717,187.151,1,-1,-1,-1
624,31,569.946,-0.354,234.713,220.358,1,-1,-1,-1
624,33,-40.310,168.616,599.834,255.864,1,-1,-1,-1
625,22,-9.099,232.368,300.287,186.885,1,-1,-1,-1
625,31,568.303,-3.513,234.241,219.915,1,-1,-1,-1
625,33,-44.429,171.867,603.618,257.478,1,-1,-1,-1
626,22,-12.079,233.931,299.857,186.620,1,-1,-1,-1
626,31,566.659,-6.672,233.770,219.471,1,-1,-1,-1
626,33,-48.548,175.119,607.403,259.092,1,-1,-1,-1
627,22,-15.059,235.494,299.427,186.354,1,-1,-1,-1
627,31,565.016,-9.832,233.298,219.028,1,-1,-1,-1
627,33,-52.667,178.370,611.188,260.707,1,-1,-1,-1
628,22,-18.039,237.056,298.998,186.088,1,-1,-1,-1
628,31,563.372,-12.991,232.827,218.584,1,-1,-1,-1
628,33,-56.786,181.621,614.972,262.321,1,-1,-1,-1
629,22,-21.019,238.619,298.568,185.823,1,-1,-1,-1
629,31,561.728,-16.150,232.355,218.140,1,-1,-1,-1
629,33,-60.904,184.873,618.757,263.935,1,-1,-1,-1
630,22,-23.999,240.182,298.138,185.557,1,-1,-1,-1
630,31,560.085,-19.309,231.883,217.697,1,-1,-1,-1
630,33,-65.023,188.124,622.542,265.550,1,-1,-1,-1
631,22,-26.979,241.745,297.708,185.291,1,-1,-1,-1
631,31,569.528,-1.195,230.052,221.147,1,-1,-1,-1
631,33,-69.142,191.376,626.326,267.164,1,-1,-1,-1
632,22,-29.959,243.308,297.279,185.026,1,-1,-1,-1
632,31,548.165,-0.806,290.360,291.095,1,-1,-1,-1
632,33,-73.261,194.627,630.111,268.778,1,-1,-1,-1
633,22,-32.939,244.871,296.849,184.760,1,-1,-1,-1
633,31,545.915,-0.813,301.754,312.946,1,-1,-1,-1
633,33,-77.380,197.879,633.895,270.393,1,-1,-1,-1
634,22,-35.919,246.434,296.419,184.494,1,-1,-1,-1
634,31,542.303,-1.936,309.423,320.899,1,-1,-1,-1
634,33,-81.499,201.130,637.680,272.007,1,-1,-1,-1
635,22,-38.899,247.997,295.989,184.229,1,-1,-1,-1
635,31,538.691,-3.059,317.092,328.853,1,-1,-1,-1
635,33,-85.617,204.381,641.465,273.621,1,-1,-1,-1
636,22,-41.879,249.560,295.560,183.963,1,-1,-1,-1
636,31,535.080,-4.181,324.762,336.807,1,-1,-1,-1
636,33,-89.736,207.633,645.249,275.236,1,-1,-1,-1
637,22,-44.859,251.123,295.130,183.697,1,-1,-1,-1
637,31,531.468,-5.304,332.431,344.760,1,-1,-1,-1
637,33,-93.855,210.884,649.034,276.850,1,-1,-1,-1
638,22,-47.839,252.686,294.700,183.432,1,-1,-1,-1
638,31,527.856,-6.427,340.100,352.714,1,-1,-1,-1
638,33,-97.974,214.136,652.818,278.464,1,-1,-1,-1
639,22,-50.819,254.249,294.271,183.166,1,-1,-1,-1
639,31,524.245,-7.549,347.769,360.667,1,-1,-1,-1
639,35,593.792,0.000,183.545,316.893,1,-1,-1,-1
640,22,-53.799,255.812,293.841,182.900,1,-1,-1,-1
640,31,520.633,-8.672,355.438,368.621,1,-1,-1,-1
640,35,593.899,0.000,183.570,316.935,1,-1,-1,-1
641,22,-56.779,257.375,293.411,182.635,1,-1,-1,-1
641,31,517.022,-9.795,363.107,376.574,1,-1,-1,-1
641,35,595.816,0.000,183.848,317.544,1,-1,-1,-1
642,22,-59.759,258.938,292.982,182.369,1,-1,-1,-1
642,31,513.410,-10.917,370.776,384.528,1,-1,-1,-1
642,35,596.395,0.000,183.960,317.736,1,-1,-1,-1
643,31,509.798,-12.040,378.445,392.481,1,-1,-1,-1
643,35,600.225,0.000,184.276,317.065,1,-1,-1,-1
644,31,506.187,-13.163,386.114,400.435,1,-1,-1,-1
644,35,601.480,0.000,184.294,317.095,1,-1,-1,-1
645,31,502.575,-14.285,393.784,408.389,1,-1,-1,-1
645,35,602.125,0.373,183.629,314.795,1,-1,-1,-1
646,31,498.963,-15.408,401.453,416.342,1,-1,-1,-1
646,35,603.340,0.429,183.443,314.475,1,-1,-1,-1
647,31,495.352,-16.530,409.122,424.296,1,-1,-1,-1
647,35,604.554,0.485,183.257,314.156,1,-1,-1,-1
648,31,491.740,-17.653,416.791,432.249,1,-1,-1,-1
648,35,605.769,0.541,183.070,313.837,1,-1,-1,-1
649,31,488.128,-18.776,424.460,440.203,1,-1,-1,-1
649,35,606.983,0.597,182.884,313.518,1,-1,-1,-1
650,31,484.517,-19.898,432.129,448.156,1,-1,-1,-1
650,35,608.198,0.653,182.698,313.198,1,-1,-1,-1
651,31,480.905,-21.021,439.798,456.110,1,-1,-1,-1
651,35,609.413,0.709,182.512,312.879,1,-1,-1,-1
652,31,477.294,-22.144,447.467,464.063,1,-1,-1,-1
652,35,610.627,0.765,182.325,312.560,1,-1,-1,-1
653,31,473.682,-23.266,455.137,472.017,1,-1,-1,-1
653,35,611.842,0.821,182.139,312.240,1,-1,-1,-1
654,31,470.070,-24.389,462.806,479.970,1,-1,-1,-1
654,35,613.056,0.877,181.953,311.921,1,-1,-1,-1
655,31,466.459,-25.512,470.475,487.924,1,-1,-1,-1
655,35,665.502,0.024,162.385,266.164,1,-1,-1,-1
656,31,462.847,-26.634,478.144,495.878,1,-1,-1,-1
656,35,670.879,0.011,160.109,262.434,1,-1,-1,-1
657,31,459.235,-27.757,485.813,503.831,1,-1,-1,-1
657,35,673.985,5.562,161.342,253.781,1,-1,-1,-1
658,31,455.624,-28.880,493.482,511.785,1,-1,-1,-1
658,35,677.080,14.912,160.159,242.832,1,-1,-1,-1
658,36,114.398,158.002,540.897,196.046,1,-1,-1,-1
659,31,452.012,-30.002,501.151,519.738,1,-1,-1,-1
659,35,679.835,24.698,157.617,230.681,1,-1,-1,-1
659,36,167.044,154.160,558.616,202.229,1,-1,-1,-1
660,31,448.401,-31.125,508.820,527.692,1,-1,-1,-1
660,35,683.753,38.620,152.371,214.710,1,-1,-1,-1
660,36,216.942,150.037,583.755,211.331,1,-1,-1,-1
661,31,444.789,-32.248,516.489,535.645,1,-1,-1,-1
661,35,685.071,45.475,150.402,204.529,1,-1,-1,-1
661,36,266.839,145.913,608.895,220.432,1,-1,-1,-1
662,31,441.177,-33.370,524.159,543.599,1,-1,-1,-1
662,35,684.748,46.776,150.896,198.704,1,-1,-1,-1
662,36,316.737,141.790,634.035,229.533,1,-1,-1,-1
663,31,437.566,-34.493,531.828,551.552,1,-1,-1,-1
663,35,683.561,50.060,149.943,192.039,1,-1,-1,-1
663,36,366.635,137.667,659.174,238.634,1,-1,-1,-1
664,35,680.081,52.263,149.551,187.565,1,-1,-1,-1
664,36,416.533,133.544,684.314,247.735,1,-1,-1,-1
665,35,676.984,55.334,149.908,184.775,1,-1,-1,-1
665,36,466.431,129.420,709.454,256.836,1,-1,-1,-1
666,35,673.246,55.448,151.165,184.309,1,-1,-1,-1
666,36,516.328,125.297,734.594,265.937,1,-1,-1,-1
667,35,670.809,54.416,152.242,183.680,1,-1,-1,-1
667,36,566.226,121.174,759.733,275.038,1,-1,-1,-1
668,35,665.167,53.248,154.843,186.726,1,-1,-1,-1
668,36,616.124,117.051,784.873,284.139,1,-1,-1,-1
669,35,661.809,52.262,156.054,188.378,1,-1,-1,-1
669,36,666.022,112.928,810.013,293.240,1,-1,-1,-1
670,35,659.569,51.284,158.484,191.399,1,-1,-1,-1
670,36,715.920,108.804,835.153,302.341,1,-1,-1,-1
671,35,657.505,50.433,158.979,192.559,1,-1,-1,-1
671,36,765.817,104.681,860.292,311.442,1,-1,-1,-1
672,35,656.121,49.186,159.147,193.083,1,-1,-1,-1
672,36,815.715,100.558,885.432,320.543,1,-1,-1,-1
673,35,655.624,50.094,157.717,191.346,1,-1,-1,-1
673,36,865.613,96.435,910.572,329.644,1,-1,-1,-1
674,35,655.126,51.001,156.286,189.610,1,-1,-1,-1
674,36,915.511,92.311,935.712,338.745,1,-1,-1,-1
675,35,639.935,45.474,159.796,196.246,1,-1,-1,-1
675,36,965.409,88.188,960.851,347.846,1,-1,-1,-1
676,35,638.006,43.904,160.766,199.516,1,-1,-1,-1
676,36,1015.306,84.065,985.991,356.948,1,-1,-1,-1
677,35,653.406,43.681,168.916,204.062,1,-1,-1,-1
677,36,1065.204,79.942,1011.131,366.049,1,-1,-1,-1
678,35,636.368,44.830,161.985,200.742,1,-1,-1,-1
678,36,1115.102,75.819,1036.271,375.150,1,-1,-1,-1
679,35,631.180,47.834,154.854,196.071,1,-1,-1,-1
679,36,1165.000,71.695,1061.410,384.251,1,-1,-1,-1
680,35,629.246,48.828,151.340,195.463,1,-1,-1,-1
680,36,1214.898,67.572,1086.550,393.352,1,-1,-1,-1
681,35,627.516,52.968,147.663,194.433,1,-1,-1,-1
681,36,1264.795,63.449,1111.690,402.453,1,-1,-1,-1
682,35,624.786,53.880,147.084,193.669,1,-1,-1,-1
682,36,1314.693,59.326,1136.830,411.554,1,-1,-1,-1
683,35,622.055,54.793,146.504,192.906,1,-1,-1,-1
683,36,1364.591,55.202,1161.969,420.655,1,-1,-1,-1
684,35,619.325,55.706,145.925,192.143,1,-1,-1,-1
684,36,1414.489,51.079,1187.109,429.756,1,-1,-1,-1
685,35,616.594,56.619,145.346,191.380,1,-1,-1,-1
685,36,1464.387,46.956,1212.249,438.857,1,-1,-1,-1
686,35,614.676,49.341,151.864,204.740,1,-1,-1,-1
686,36,1514.284,42.833,1237.389,447.958,1,-1,-1,-1
687,35,614.416,48.397,150.024,206.938,1,-1,-1,-1
687,36,1564.182,38.710,1262.528,457.059,1,-1,-1,-1
688,35,616.558,47.671,147.662,205.670,1,-1,-1,-1
688,36,1614.080,34.586,1287.668,466.160,1,-1,-1,-1
689,35,614.244,47.647,148.019,206.167,1,-1,-1,-1
689,36,1663.978,30.463,1312.808,475.261,1,-1,-1,-1
690,35,619.013,48.664,146.996,204.328,1,-1,-1,-1
691,35,619.652,50.160,144.919,200.001,1,-1,-1,-1
692,35,621.800,49.827,145.568,198.353,1,-1,-1,-1
693,35,620.974,49.993,145.296,197.982,1,-1,-1,-1
694,35,620.149,50.159,145.023,197.611,1,-1,-1,-1
695,35,619.323,50.325,144.751,197.240,1,-1,-1,-1
696,35,618.497,50.492,144.479,196.869,1,-1,-1,-1
697,35,617.672,50.658,144.206,196.498,1,-1,-1,-1
698,35,616.846,50.824,143.934,196.126,1,-1,-1,-1
699,35,618.784,87.431,124.471,160.511,1,-1,-1,-1
700,35,615.164,93.373,127.143,157.633,1,-1,-1,-1
701,35,610.800,97.507,130.913,158.200,1,-1,-1,-1
702,35,607.212,104.087,134.366,159.193,1,-1,-1,-1
703,35,604.332,109.277,136.890,159.942,1,-1,-1,-1
704,35,599.107,112.790,140.687,161.628,1,-1,-1,-1
705,35,593.763,115.142,144.669,163.995,1,-1,-1,-1
706,35,607.733,116.444,120.824,130.135,1,-1,-1,-1
707,35,608.329,120.015,116.383,125.350,1,-1,-1,-1
708,35,607.483,124.576,106.878,110.900,1,-1,-1,-1
709,35,604.236,127.608,106.387,106.652,1,-1,-1,-1
710,35,604.752,131.209,100.580,100.829,1,-1,-1,-1
711,35,605.269,134.809,94.774,95.007,1,-1,-1,-1
712,35,605.786,138.409,88.967,89.184,1,-1,-1,-1
713,35,606.303,142.009,83.160,83.362,1,-1,-1,-1
714,35,606.819,145.609,77.353,77.540,1,-1,-1,-1
715,35,607.336,149.209,71.545,71.717,1,-1,-1,-1
716,35,607.853,152.809,65.738,65.895,1,-1,-1,-1
717,35,608.370,156.409,59.930,60.072,1,-1,-1,-1
718,35,608.888,160.009,54.122,54.250,1,-1,-1,-1
719,35,609.405,163.609,48.314,48.427,1,-1,-1,-1
720,35,609.922,167.209,42.506,42.605,1,-1,-1,-1
721,35,610.440,170.809,36.698,36.783,1,-1,-1,-1
722,35,560.983,110.122,123.384,122.430,1,-1,-1,-1
723,35,558.054,109.238,123.948,122.987,1,-1,-1,-1
724,35,555.126,108.355,124.511,123.544,1,-1,-1,-1
725,35,552.198,107.471,125.074,124.101,1,-1,-1,-1
726,35,549.269,106.588,125.638,124.658,1,-1,-1,-1
727,35,546.341,105.704,126.201,125.215,1,-1,-1,-1
728,35,543.413,104.820,126.764,125.772,1,-1,-1,-1
729,35,540.484,103.937,127.328,126.329,1,-1,-1,-1
730,35,537.556,103.053,127.891,126.886,1,-1,-1,-1
731,35,534.628,102.169,128.455,127.443,1,-1,-1,-1
732,35,531.699,101.286,129.018,128.000,1,-1,-1,-1
733,35,528.771,100.402,129.581,128.557,1,-1,-1,-1
734,35,525.842,99.519,130.145,129.114,1,-1,-1,-1
735,35,522.914,98.635,130.708,129.671,1,-1,-1,-1
736,35,528.354,120.617,124.055,121.849,1,-1,-1,-1
737,35,525.938,121.038,124.138,121.928,1,-1,-1,-1
738,35,517.796,122.139,124.319,121.558,1,-1,-1,-1
739,35,514.835,122.628,124.356,121.592,1,-1,-1,-1
740,35,511.874,123.117,124.393,121.626,1,-1,-1,-1
741,35,508.913,123.606,124.429,121.660,1,-1,-1,-1
742,35,505.952,124.095,124.466,121.694,1,-1,-1,-1
743,35,502.991,124.584,124.503,121.728,1,-1,-1,-1
744,35,500.030,125.073,124.540,121.762,1,-1,-1,-1
745,35,497.069,125.562,124.577,121.796,1,-1,-1,-1
746,35,494.108,126.051,124.614,121.830,1,-1,-1,-1
747,35,491.147,126.540,124.650,121.864,1,-1,-1,-1
748,35,488.186,127.029,124.687,121.898,1,-1,-1,-1
749,35,485.225,127.518,124.724,121.932,1,-1,-1,-1
750,35,482.264,128.007,124.761,121.966,1,-1,-1,-1
751,35,479.302,128.496,124.798,122.001,1,-1,-1,-1
751,41,11.471,216.934,335.106,200.123,1,-1,-1,-1
752,35,476.341,128.985,124.835,122.035,1,-1,-1,-1
752,41,14.583,219.730,329.273,196.639,1,-1,-1,-1
753,35,473.380,129.474,124.871,122.069,1,-1,-1,-1
753,41,17.695,222.526,323.439,193.155,1,-1,-1,-1
754,35,470.419,129.963,124.908,122.103,1,-1,-1,-1
754,41,20.806,225.322,317.606,189.671,1,-1,-1,-1
755,35,467.458,130.452,124.945,122.137,1,-1,-1,-1
755,41,23.918,228.118,311.772,186.188,1,-1,-1,-1
756,35,464.497,130.941,124.982,122.171,1,-1,-1,-1
756,41,27.030,230.914,305.938,182.704,1,-1,-1,-1
757,35,461.536,131.430,125.019,122.205,1,-1,-1,-1
757,41,30.141,233.711,300.105,179.220,1,-1,-1,-1
758,35,458.575,131.919,125.056,122.239,1,-1,-1,-1
758,41,33.253,236.507,294.271,175.736,1,-1,-1,-1
759,35,455.614,132.408,125.092,122.273,1,-1,-1,-1
759,41,36.365,239.303,288.437,172.252,1,-1,-1,-1
760,35,452.653,132.897,125.129,122.307,1,-1,-1,-1
760,41,39.477,242.099,282.604,168.769,1,-1,-1,-1
760,42,510.138,113.513,138.755,99.199,1,-1,-1,-1
761,35,449.692,133.386,125.166,122.341,1,-1,-1,-1
761,41,42.588,244.895,276.770,165.285,1,-1,-1,-1
761,42,513.596,113.820,138.818,99.008,1,-1,-1,-1
762,35,446.731,133.875,125.203,122.375,1,-1,-1,-1
762,41,45.700,247.691,270.937,161.801,1,-1,-1,-1
762,42,514.412,115.727,139.208,98.967,1,-1,-1,-1
763,35,443.770,134.364,125.240,122.409,1,-1,-1,-1
763,41,48.812,250.487,265.103,158.317,1,-1,-1,-1
763,42,514.263,117.172,140.790,99.772,1,-1,-1,-1
764,35,440.809,134.853,125.277,122.443,1,-1,-1,-1
764,41,51.924,253.283,259.269,154.833,1,-1,-1,-1
764,42,515.558,118.162,140.882,99.837,1,-1,-1,-1
765,35,437.848,135.342,125.313,122.477,1,-1,-1,-1
765,41,55.035,256.079,253.436,151.350,1,-1,-1,-1
765,42,516.853,119.152,140.974,99.902,1,-1,-1,-1
766,35,434.886,135.831,125.350,122.511,1,-1,-1,-1
766,41,58.147,258.875,247.602,147.866,1,-1,-1,-1
766,42,518.148,120.142,141.065,99.968,1,-1,-1,-1
767,35,431.925,136.320,125.387,122.545,1,-1,-1,-1
767,41,61.259,261.671,241.768,144.382,1,-1,-1,-1
767,42,519.443,121.132,141.157,100.033,1,-1,-1,-1
768,35,428.964,136.809,125.424,122.579,1,-1,-1,-1
768,41,64.370,264.467,235.935,140.898,1,-1,-1,-1
768,42,520.739,122.122,141.249,100.098,1,-1,-1,-1
769,41,67.482,267.263,230.101,137.414,1,-1,-1,-1
769,42,522.034,123.112,141.341,100.163,1,-1,-1,-1
770,41,70.594,270.059,224.267,133.931,1,-1,-1,-1
770,42,523.329,124.102,141.432,100.228,1,-1,-1,-1
771,41,73.706,272.855,218.434,130.447,1,-1,-1,-1
771,42,524.624,125.092,141.524,100.293,1,-1,-1,-1
772,41,76.817,275.651,212.600,126.963,1,-1,-1,-1
772,42,525.919,126.082,141.616,100.358,1,-1,-1,-1
773,41,79.929,278.447,206.767,123.479,1,-1,-1,-1
773,42,527.214,127.072,141.708,100.423,1,-1,-1,-1
773,43,48.395,190.900,530.870,169.624,1,-1,-1,-1
774,41,83.041,281.243,200.933,119.995,1,-1,-1,-1
774,42,528.510,128.062,141.800,100.488,1,-1,-1,-1
774,43,53.761,190.689,519.711,166.058,1,-1,-1,-1
775,41,86.153,284.039,195.099,116.512,1,-1,-1,-1
775,42,529.805,129.052,141.891,100.553,1,-1,-1,-1
775,43,59.126,190.478,508.552,162.493,1,-1,-1,-1
776,41,89.264,286.836,189.266,113.028,1,-1,-1,-1
776,42,531.100,130.042,141.983,100.618,1,-1,-1,-1
776,43,64.492,190.267,497.392,158.927,1,-1,-1,-1
777,41,92.376,289.632,183.432,109.544,1,-1,-1,-1
777,42,532.395,131.032,142.075,100.683,1,-1,-1,-1
777,43,69.857,190.055,486.233,155.361,1,-1,-1,-1
778,41,95.488,292.428,177.598,106.060,1,-1,-1,-1
778,42,533.690,132.022,142.167,100.748,1,-1,-1,-1
778,43,75.223,189.844,475.074,151.796,1,-1,-1,-1
779,41,98.599,295.224,171.765,102.576,1,-1,-1,-1
779,42,534.985,133.012,142.258,100.813,1,-1,-1,-1
779,43,80.588,189.633,463.914,148.230,1,-1,-1,-1
780,41,101.711,298.020,165.931,99.093,1,-1,-1,-1
780,42,536.281,134.002,142.350,100.878,1,-1,-1,-1
780,43,85.954,189.422,452.755,144.664,1,-1,-1,-1
781,41,104.823,300.816,160.098,95.609,1,-1,-1,-1
781,42,537.576,134.991,142.442,100.943,1,-1,-1,-1
781,43,91.319,189.211,441.595,141.099,1,-1,-1,-1
782,42,538.871,135.981,142.534,101.008,1,-1,-1,-1
782,43,96.685,189.000,430.436,137.533,1,-1,-1,-1
783,42,540.166,136.971,142.626,101.073,1,-1,-1,-1
783,43,102.050,188.789,419.277,133.968,1,-1,-1,-1
784,42,541.461,137.961,142.717,101.138,1,-1,-1,-1
784,43,107.416,188.578,408.117,130.402,1,-1,-1,-1
785,42,542.756,138.951,142.809,101.203,1,-1,-1,-1
785,43,112.781,188.367,396.958,126.836,1,-1,-1,-1
786,42,544.052,139.941,142.901,101.268,1,-1,-1,-1
786,43,118.147,188.156,385.799,123.271,1,-1,-1,-1
787,42,545.347,140.931,142.993,101.333,1,-1,-1,-1
787,43,123.512,187.945,374.639,119.705,1,-1,-1,-1
788,42,546.642,141.921,143.084,101.398,1,-1,-1,-1
788,43,128.878,187.734,363.480,116.139,1,-1,-1,-1
789,42,547.937,142.911,143.176,101.463,1,-1,-1,-1
789,43,134.243,187.523,352.321,112.574,1,-1,-1,-1
790,42,549.232,143.901,143.268,101.528,1,-1,-1,-1
790,43,139.609,187.312,341.161,109.008,1,-1,-1,-1
791,42,550.527,144.891,143.360,101.593,1,-1,-1,-1
791,43,144.974,187.101,330.002,105.442,1,-1,-1,-1
792,42,551.822,145.881,143.451,101.658,1,-1,-1,-1
792,43,15.131,195.078,510.003,161.014,1,-1,-1,-1
793,42,553.118,146.871,143.543,101.723,1,-1,-1,-1
793,43,13.696,195.289,508.360,160.495,1,-1,-1,-1
794,43,12.261,195.499,506.718,159.976,1,-1,-1,-1
795,43,10.827,195.710,505.075,159.458,1,-1,-1,-1
796,43,9.392,195.921,503.432,158.939,1,-1,-1,-1
797,43,7.958,196.132,501.789,158.420,1,-1,-1,-1
797,45,-55.909,174.682,674.819,188.947,1,-1,-1,-1
798,43,-19.454,176.673,583.925,187.646,1,-1,-1,-1
798,45,-78.580,167.823,714.686,200.109,1,-1,-1,-1
799,43,-26.999,178.219,581.117,191.268,1,-1,-1,-1
799,45,-101.252,160.965,754.553,211.272,1,-1,-1,-1
800,43,-35.403,171.792,596.985,201.753,1,-1,-1,-1
800,45,-123.923,154.106,794.420,222.434,1,-1,-1,-1
801,43,-28.225,175.351,582.133,199.732,1,-1,-1,-1
801,45,-146.594,147.247,834.287,233.597,1,-1,-1,-1
802,43,-32.992,174.228,588.786,202.015,1,-1,-1,-1
802,45,-169.265,140.388,874.154,244.760,1,-1,-1,-1
803,43,-37.759,173.104,595.438,204.298,1,-1,-1,-1
803,45,-191.937,133.529,914.021,255.922,1,-1,-1,-1
804,43,-42.526,171.980,602.091,206.580,1,-1,-1,-1
804,45,-214.608,126.670,953.888,267.085,1,-1,-1,-1
805,43,-47.293,170.856,608.744,208.863,1,-1,-1,-1
805,45,-237.279,119.811,993.755,278.247,1,-1,-1,-1
806,43,-20.035,191.293,551.107,191.298,1,-1,-1,-1
806,45,-259.950,112.952,1033.622,289.410,1,-1,-1,-1
807,43,-40.017,187.062,582.730,208.023,1,-1,-1,-1
807,45,-282.621,106.093,1073.489,300.573,1,-1,-1,-1
808,43,-39.835,187.366,583.409,212.702,1,-1,-1,-1
808,45,-305.293,99.234,1113.356,311.735,1,-1,-1,-1
809,43,-21.130,190.010,550.652,201.861,1,-1,-1,-1
809,45,-327.964,92.376,1153.223,322.898,1,-1,-1,-1
810,43,-23.061,192.333,529.162,196.455,1,-1,-1,-1
810,45,-350.635,85.517,1193.090,334.060,1,-1,-1,-1
811,43,-26.064,192.912,530.491,196.950,1,-1,-1,-1
811,45,-373.306,78.658,1232.957,345.223,1,-1,-1,-1
812,43,-12.151,196.612,493.136,183.905,1,-1,-1,-1
812,45,-395.977,71.799,1272.824,356.386,1,-1,-1,-1
813,43,-13.460,197.526,490.555,182.943,1,-1,-1,-1
813,45,-418.649,64.940,1312.691,367.548,1,-1,-1,-1
814,43,-14.768,198.441,487.974,181.981,1,-1,-1,-1
814,45,-441.320,58.081,1352.558,378.711,1,-1,-1,-1
815,43,-16.077,199.355,485.392,181.019,1,-1,-1,-1
815,45,-463.991,51.222,1392.425,389.873,1,-1,-1,-1
816,43,-17.386,200.270,482.811,180.057,1,-1,-1,-1
816,45,-486.662,44.363,1432.292,401.036,1,-1,-1,-1
817,43,-18.695,201.184,480.230,179.095,1,-1,-1,-1
817,45,-509.333,37.504,1472.159,412.199,1,-1,-1,-1
818,43,-20.003,202.099,477.649,178.133,1,-1,-1,-1
818,45,-532.005,30.646,1512.026,423.361,1,-1,-1,-1
819,43,-21.312,203.013,475.067,177.171,1,-1,-1,-1
819,45,-554.676,23.787,1551.893,434.524,1,-1,-1,-1
820,43,-22.621,203.928,472.486,176.209,1,-1,-1,-1
820,45,-577.347,16.928,1591.760,445.686,1,-1,-1,-1
821,43,-23.930,204.842,469.905,175.247,1,-1,-1,-1
821,45,-600.018,10.069,1631.627,456.849,1,-1,-1,-1
822,43,-25.239,205.757,467.324,174.285,1,-1,-1,-1
822,45,-622.689,3.210,1671.494,468.012,1,-1,-1,-1
823,43,-26.548,206.671,464.743,173.322,1,-1,-1,-1
823,45,-645.361,-3.649,1711.361,479.174,1,-1,-1,-1
824,43,-27.856,207.586,462.161,172.360,1,-1,-1,-1
824,45,-668.032,-10.508,1751.227,490.337,1,-1,-1,-1
825,43,-29.165,208.500,459.580,171.398,1,-1,-1,-1
825,45,-690.703,-17.367,1791.094,501.499,1,-1,-1,-1
826,43,-30.474,209.415,456.999,170.436,1,-1,-1,-1
826,45,-713.374,-24.226,1830.961,512.662,1,-1,-1,-1
827,43,-31.783,210.329,454.418,169.474,1,-1,-1,-1
827,45,-736.045,-31.085,1870.828,523.825,1,-1,-1,-1
828,43,-33.092,211.244,451.837,168.512,1,-1,-1,-1
829,43,-34.401,212.159,449.256,167.550,1,-1,-1,-1
830,43,-35.710,213.073,446.675,166.588,1,-1,-1,-1
830,47,80.719,180.972,245.258,186.862,1,-1,-1,-1
831,43,-17.254,183.465,488.194,187.080,1,-1,-1,-1
831,47,93.065,177.200,228.226,173.886,1,-1,-1,-1
832,43,-14.187,180.388,481.160,187.997,1,-1,-1,-1
832,47,105.412,173.427,211.195,160.910,1,-1,-1,-1
833,43,-11.470,179.746,467.575,185.277,1,-1,-1,-1
833,47,117.759,169.655,194.164,147.933,1,-1,-1,-1
834,43,-15.322,173.957,481.875,194.285,1,-1,-1,-1
834,47,130.105,165.882,177.132,134.957,1,-1,-1,-1
835,43,-8.145,168.033,476.342,192.564,1,-1,-1,-1
835,47,142.452,162.110,160.101,121.981,1,-1,-1,-1
836,43,-3.742,165.800,472.121,191.012,1,-1,-1,-1
836,47,154.799,158.337,143.069,109.005,1,-1,-1,-1
837,43,-8.263,165.651,479.323,195.209,1,-1,-1,-1
837,47,167.145,154.565,126.038,96.028,1,-1,-1,-1
838,43,-9.028,163.927,481.305,196.017,1,-1,-1,-1
838,47,179.492,150.792,109.007,83.052,1,-1,-1,-1
839,43,-9.793,162.203,483.287,196.826,1,-1,-1,-1
839,47,191.838,147.020,91.975,70.076,1,-1,-1,-1
840,43,-10.558,160.479,485.268,197.634,1,-1,-1,-1
840,47,204.185,143.247,74.944,57.100,1,-1,-1,-1
841,43,-11.323,158.755,487.250,198.443,1,-1,-1,-1
841,47,216.532,139.475,57.912,44.123,1,-1,-1,-1
842,43,-12.088,157.031,489.231,199.251,1,-1,-1,-1
842,47,228.878,135.702,40.881,31.147,1,-1,-1,-1
843,43,-12.853,155.307,491.213,200.060,1,-1,-1,-1
843,47,241.225,131.930,23.849,18.171,1,-1,-1,-1
844,43,-13.617,153.583,493.194,200.868,1,-1,-1,-1
844,47,253.572,128.158,6.818,5.195,1,-1,-1,-1
845,43,-14.382,151.859,495.175,201.677,1,-1,-1,-1
845,47,265.918,124.385,-10.213,-7.782,1,-1,-1,-1
846,43,-15.147,150.135,497.157,202.485,1,-1,-1,-1
846,47,278.265,120.613,-27.245,-20.758,1,-1,-1,-1
847,43,-15.912,148.411,499.138,203.294,1,-1,-1,-1
847,47,290.611,116.840,-44.276,-33.734,1,-1,-1,-1
848,43,-16.677,146.687,501.119,204.102,1,-1,-1,-1
848,47,302.958,113.068,-61.308,-46.710,1,-1,-1,-1
849,43,-17.441,144.963,503.101,204.911,1,-1,-1,-1
849,47,315.305,109.295,-78.339,-59.687,1,-1,-1,-1
850,43,-18.206,143.239,505.082,205.719,1,-1,-1,-1
850,47,327.651,105.523,-95.371,-72.663,1,-1,-1,-1
851,43,-18.971,141.515,507.063,206.528,1,-1,-1,-1
851,47,339.998,101.750,-112.402,-85.639,1,-1,-1,-1
852,43,-19.735,139.791,509.044,207.336,1,-1,-1,-1
852,47,352.345,97.978,-129.433,-98.615,1,-1,-1,-1
853,43,-20.500,138.067,511.026,208.145,1,-1,-1,-1
853,47,364.691,94.205,-146.465,-111.592,1,-1,-1,-1
854,43,-21.265,136.343,513.007,208.953,1,-1,-1,-1
854,47,377.038,90.433,-163.496,-124.568,1,-1,-1,-1
855,43,-22.029,134.619,514.988,209.762,1,-1,-1,-1
855,47,389.385,86.660,-180.528,-137.544,1,-1,-1,-1
856,43,-22.794,132.895,516.969,210.570,1,-1,-1,-1
856,47,401.731,82.888,-197.559,-150.520,1,-1,-1,-1
857,43,-23.559,131.171,518.950,211.379,1,-1,-1,-1
857,47,414.078,79.115,-214.591,-163.497,1,-1,-1,-1
858,43,-24.323,129.447,520.931,212.187,1,-1,-1,-1
858,47,426.424,75.343,-231.622,-176.473,1,-1,-1,-1
859,43,-25.088,127.723,522.912,212.996,1,-1,-1,-1
859,47,438.771,71.570,-248.654,-189.449,1,-1,-1,-1
860,43,-25.852,125.999,524.893,213.804,1,-1,-1,-1
860,47,451.118,67.798,-265.685,-202.425,1,-1,-1,-1
861,43,-26.617,124.275,526.874,214.613,1,-1,-1,-1
862,43,-27.382,122.551,528.855,215.422,1,-1,-1,-1
863,43,-28.146,120.827,530.836,216.230,1,-1,-1,-1
864,43,-28.911,119.103,532.816,217.039,1,-1,-1,-1
865,43,-29.675,117.379,534.797,217.847,1,-1,-1,-1
866,43,-30.440,115.656,536.778,218.656,1,-1,-1,-1
867,43,-31.204,113.932,538.759,219.464,1,-1,-1,-1
