3,1,369.377,170.643,143.005,88.765,1,-1,-1,-1
4,1,369.125,170.782,144.235,89.530,1,-1,-1,-1
5,1,369.174,171.270,144.290,89.565,1,-1,-1,-1
6,1,369.051,171.219,144.136,89.479,1,-1,-1,-1
7,1,369.422,171.378,143.459,89.018,1,-1,-1,-1
8,1,368.927,171.099,144.453,89.658,1,-1,-1,-1
9,1,368.773,171.261,143.922,89.348,1,-1,-1,-1
10,1,369.251,172.270,141.041,87.457,1,-1,-1,-1
11,1,369.397,173.400,139.432,86.271,1,-1,-1,-1
12,1,370.451,174.347,136.484,83.978,1,-1,-1,-1
13,1,372.472,175.892,133.569,81.311,1,-1,-1,-1
14,1,373.399,177.714,131.219,79.077,1,-1,-1,-1
15,1,375.957,180.935,127.021,75.427,1,-1,-1,-1
16,1,375.527,182.016,128.981,75.759,1,-1,-1,-1
17,1,374.442,182.104,131.017,76.392,1,-1,-1,-1
18,1,372.231,181.104,137.066,79.698,1,-1,-1,-1
19,1,370.042,180.997,143.827,83.596,1,-1,-1,-1
20,1,368.965,180.907,149.674,87.104,1,-1,-1,-1
21,1,368.145,181.768,152.449,88.890,1,-1,-1,-1
22,1,366.671,181.841,155.182,90.973,1,-1,-1,-1
23,1,366.926,182.469,154.999,91.247,1,-1,-1,-1
24,1,366.891,182.900,155.521,92.003,1,-1,-1,-1
25,1,366.293,182.676,157.780,93.897,1,-1,-1,-1
26,1,365.820,182.248,158.794,95.051,1,-1,-1,-1
27,1,365.435,181.406,159.402,96.037,1,-1,-1,-1
28,1,366.304,181.344,158.891,96.172,1,-1,-1,-1
29,1,367.443,181.426,157.013,95.312,1,-1,-1,-1
30,1,368.169,181.447,155.642,94.741,1,-1,-1,-1
31,1,368.468,180.704,154.168,94.070,1,-1,-1,-1
32,1,368.776,180.032,153.033,93.551,1,-1,-1,-1
33,1,369.163,179.641,151.912,92.951,1,-1,-1,-1
34,1,369.519,178.775,151.564,92.710,1,-1,-1,-1
35,1,369.602,178.009,151.009,92.241,1,-1,-1,-1
36,1,369.905,177.438,150.147,91.525,1,-1,-1,-1
37,1,369.568,177.074,150.026,91.329,1,-1,-1,-1
38,1,369.050,176.856,150.403,91.428,1,-1,-1,-1
39,1,368.263,176.829,150.569,91.347,1,-1,-1,-1
40,1,367.702,176.761,150.949,91.399,1,-1,-1,-1
41,1,366.860,176.659,151.254,91.387,1,-1,-1,-1
42,1,365.945,176.639,151.657,91.369,1,-1,-1,-1
43,1,365.213,176.511,152.394,91.589,1,-1,-1,-1
44,1,364.383,176.663,153.058,91.860,1,-1,-1,-1
45,1,363.895,176.874,153.367,91.874,1,-1,-1,-1
46,1,363.411,177.038,153.561,91.760,1,-1,-1,-1
47,1,362.616,177.005,154.433,92.138,1,-1,-1,-1
48,1,361.808,176.873,155.123,92.209,1,-1,-1,-1
49,1,361.099,176.894,155.544,92.115,1,-1,-1,-1
50,1,360.166,176.830,156.538,92.401,1,-1,-1,-1
51,1,359.293,176.831,157.325,92.576,1,-1,-1,-1
52,1,358.826,176.954,157.604,92.425,1,-1,-1,-1
53,1,357.994,176.896,157.994,92.338,1,-1,-1,-1
54,1,356.868,176.791,159.000,92.637,1,-1,-1,-1
55,1,356.273,176.567,159.367,92.563,1,-1,-1,-1
56,1,355.979,176.685,159.201,92.197,1,-1,-1,-1
57,1,355.044,177.978,156.770,90.345,1,-1,-1,-1
58,1,354.341,178.407,156.128,89.582,1,-1,-1,-1
59,1,354.024,178.872,154.703,88.356,1,-1,-1,-1
60,1,353.568,178.617,154.492,87.853,1,-1,-1,-1
61,1,352.870,178.587,155.177,88.020,1,-1,-1,-1
62,1,351.701,177.875,156.902,88.909,1,-1,-1,-1
63,1,350.790,177.390,157.859,89.357,1,-1,-1,-1
64,1,350.182,177.130,157.483,88.962,1,-1,-1,-1
65,1,350.110,176.915,155.962,87.777,1,-1,-1,-1
66,1,349.264,176.585,156.662,87.907,1,-1,-1,-1
67,1,348.991,176.188,155.692,87.072,1,-1,-1,-1
68,1,347.639,175.093,157.368,87.889,1,-1,-1,-1
69,1,345.947,174.362,159.745,89.113,1,-1,-1,-1
70,1,345.104,173.933,160.548,89.496,1,-1,-1,-1
71,1,344.163,173.809,161.541,90.013,1,-1,-1,-1
72,1,344.080,173.992,161.379,89.832,1,-1,-1,-1
73,1,342.491,173.978,164.237,91.594,1,-1,-1,-1
74,1,342.022,174.113,164.977,92.160,1,-1,-1,-1
75,1,341.058,174.100,166.889,93.503,1,-1,-1,-1
76,1,340.288,174.123,168.527,94.807,1,-1,-1,-1
77,1,340.918,174.028,167.468,94.452,1,-1,-1,-1
78,1,341.565,174.155,166.801,94.290,1,-1,-1,-1
79,1,343.213,174.444,163.821,92.608,1,-1,-1,-1
80,1,341.863,173.545,166.666,94.531,1,-1,-1,-1
81,1,342.676,173.573,166.337,94.536,1,-1,-1,-1
82,1,344.406,174.347,164.318,93.397,1,-1,-1,-1
83,1,347.133,175.036,159.914,90.502,1,-1,-1,-1
84,1,348.941,175.169,157.788,88.874,1,-1,-1,-1
85,1,349.492,175.170,157.418,88.299,1,-1,-1,-1
86,1,349.719,174.999,158.418,88.570,1,-1,-1,-1
87,1,349.591,174.822,160.147,89.352,1,-1,-1,-1
88,1,350.022,174.323,161.309,89.807,1,-1,-1,-1
89,1,350.470,172.203,164.131,91.300,1,-1,-1,-1
90,1,350.159,171.484,166.392,92.565,1,-1,-1,-1
91,1,350.808,169.998,166.511,92.572,1,-1,-1,-1
92,1,350.267,168.697,168.770,93.958,1,-1,-1,-1
93,1,350.160,167.628,170.061,94.746,1,-1,-1,-1
94,1,349.965,165.881,172.309,96.329,1,-1,-1,-1
95,1,349.264,164.001,174.197,97.723,1,-1,-1,-1
96,1,348.762,161.490,176.223,99.377,1,-1,-1,-1
97,1,349.498,160.124,176.224,99.880,1,-1,-1,-1
98,1,351.299,160.050,174.548,99.410,1,-1,-1,-1
99,1,352.679,160.023,173.105,98.939,1,-1,-1,-1
100,1,354.737,160.980,170.733,97.675,1,-1,-1,-1
101,1,355.611,161.054,170.017,97.472,1,-1,-1,-1
102,1,355.961,161.180,169.983,97.688,1,-1,-1,-1
103,1,355.296,161.443,171.962,99.118,1,-1,-1,-1
104,1,355.668,161.450,171.346,98.912,1,-1,-1,-1
105,1,357.615,161.852,167.820,96.755,1,-1,-1,-1
106,1,357.855,161.935,167.391,96.398,1,-1,-1,-1
107,1,357.115,161.419,168.626,97.095,1,-1,-1,-1
108,1,358.233,161.669,166.322,95.552,1,-1,-1,-1
109,1,356.633,161.873,167.932,96.428,1,-1,-1,-1
110,1,356.238,161.905,167.335,95.918,1,-1,-1,-1
111,1,357.599,162.303,164.118,93.614,1,-1,-1,-1
112,1,357.325,162.118,164.084,93.191,1,-1,-1,-1
113,1,356.251,162.181,165.792,93.931,1,-1,-1,-1
114,1,355.526,162.911,167.165,94.501,1,-1,-1,-1
115,1,355.266,163.984,168.103,94.856,1,-1,-1,-1
116,1,356.669,166.447,165.263,92.807,1,-1,-1,-1
117,1,357.598,168.638,163.536,91.271,1,-1,-1,-1
118,1,358.551,171.197,161.910,89.755,1,-1,-1,-1
119,1,359.122,174.178,160.844,88.489,1,-1,-1,-1
120,1,361.372,179.149,155.794,84.553,1,-1,-1,-1
121,1,360.737,181.353,157.343,84.566,1,-1,-1,-1
122,1,360.635,182.505,157.603,83.899,1,-1,-1,-1
123,1,360.764,183.897,156.904,82.668,1,-1,-1,-1
124,1,360.836,184.245,156.494,81.579,1,-1,-1,-1
125,1,360.753,184.676,156.604,80.843,1,-1,-1,-1
126,1,359.658,185.198,158.717,81.350,1,-1,-1,-1
127,1,357.504,184.192,163.279,83.478,1,-1,-1,-1
128,1,355.117,184.628,167.220,85.577,1,-1,-1,-1
129,1,351.514,184.322,173.316,89.169,1,-1,-1,-1
130,1,345.271,182.834,184.868,96.327,1,-1,-1,-1
131,1,341.745,181.501,191.265,101.068,1,-1,-1,-1
132,1,339.323,180.754,194.988,104.539,1,-1,-1,-1
133,1,338.898,181.292,194.472,105.620,1,-1,-1,-1
134,1,338.973,181.346,193.413,106.336,1,-1,-1,-1
135,1,338.404,180.192,193.572,107.741,1,-1,-1,-1
136,1,337.392,179.163,193.829,109.146,1,-1,-1,-1
137,1,337.684,178.353,192.618,109.680,1,-1,-1,-1
138,1,338.451,178.013,190.424,109.582,1,-1,-1,-1
139,1,338.903,177.360,188.759,109.657,1,-1,-1,-1
140,1,338.297,175.000,189.209,111.035,1,-1,-1,-1
141,1,338.796,173.333,187.655,111.087,1,-1,-1,-1
142,1,339.259,170.698,186.111,111.020,1,-1,-1,-1
143,1,341.676,169.882,180.786,108.238,1,-1,-1,-1
144,1,343.697,169.967,176.423,105.795,1,-1,-1,-1
145,1,344.755,169.258,174.067,104.448,1,-1,-1,-1
146,1,346.098,169.234,171.883,103.079,1,-1,-1,-1
147,1,347.180,167.626,170.633,102.221,1,-1,-1,-1
148,1,348.842,166.998,168.867,100.876,1,-1,-1,-1
149,1,349.877,165.720,168.287,100.292,1,-1,-1,-1
150,1,351.606,168.151,164.630,97.700,1,-1,-1,-1
151,1,350.760,165.148,168.390,100.084,1,-1,-1,-1
152,1,351.018,163.706,168.857,100.443,1,-1,-1,-1
153,1,350.466,159.657,173.583,103.742,1,-1,-1,-1
154,1,352.197,158.615,173.171,103.854,1,-1,-1,-1
155,1,356.070,161.335,167.186,100.024,1,-1,-1,-1
156,1,357.985,162.116,164.726,98.312,1,-1,-1,-1
157,1,359.057,161.525,164.241,97.869,1,-1,-1,-1
158,1,359.191,160.591,165.608,98.681,1,-1,-1,-1
159,1,361.017,160.486,162.817,96.723,1,-1,-1,-1
160,1,362.705,161.038,160.008,94.648,1,-1,-1,-1
161,1,363.505,161.031,159.284,93.791,1,-1,-1,-1
162,1,364.084,160.323,159.283,93.369,1,-1,-1,-1
163,1,364.717,160.076,159.443,93.048,1,-1,-1,-1
164,1,364.995,159.617,159.608,92.758,1,-1,-1,-1
165,1,365.730,159.965,159.150,92.040,1,-1,-1,-1
166,1,364.672,159.072,160.706,92.449,1,-1,-1,-1
167,1,364.262,156.459,165.700,95.242,1,-1,-1,-1
168,1,365.139,156.007,166.308,95.390,1,-1,-1,-1
169,1,364.730,155.216,169.063,96.989,1,-1,-1,-1
170,1,367.573,158.549,164.299,93.852,1,-1,-1,-1
171,1,369.364,160.162,162.713,92.602,1,-1,-1,-1
172,1,370.856,161.166,160.945,91.211,1,-1,-1,-1
173,1,370.633,160.854,162.863,92.203,1,-1,-1,-1
174,1,369.544,160.054,165.840,93.904,1,-1,-1,-1
175,1,370.128,159.917,166.143,93.999,1,-1,-1,-1
176,1,371.074,160.598,165.626,93.588,1,-1,-1,-1
177,1,370.687,160.278,168.267,95.118,1,-1,-1,-1
178,1,371.420,159.262,170.225,96.227,1,-1,-1,-1
179,1,371.696,158.162,172.211,97.491,1,-1,-1,-1
180,1,372.539,158.168,173.576,98.489,1,-1,-1,-1
181,1,374.878,158.870,172.297,97.840,1,-1,-1,-1
182,1,374.907,158.017,174.891,99.673,1,-1,-1,-1
183,1,376.416,158.737,173.807,99.341,1,-1,-1,-1
184,1,377.144,158.647,174.437,99.700,1,-1,-1,-1
185,1,377.871,158.558,175.066,100.060,1,-1,-1,-1
186,1,378.598,158.468,175.696,100.420,1,-1,-1,-1
187,1,379.325,158.378,176.326,100.780,1,-1,-1,-1
188,1,380.053,158.288,176.955,101.139,1,-1,-1,-1
189,1,380.780,158.198,177.585,101.499,1,-1,-1,-1
190,1,381.507,158.109,178.214,101.859,1,-1,-1,-1
191,1,382.235,158.019,178.844,102.218,1,-1,-1,-1
192,1,382.962,157.929,179.473,102.578,1,-1,-1,-1
193,1,383.689,157.839,180.103,102.938,1,-1,-1,-1
194,1,390.825,177.025,171.557,98.271,1,-1,-1,-1
195,1,392.067,177.227,172.565,99.169,1,-1,-1,-1
196,1,396.590,179.602,166.489,94.867,1,-1,-1,-1
197,1,398.822,180.277,164.226,92.850,1,-1,-1,-1
198,1,396.958,179.229,170.526,96.652,1,-1,-1,-1
199,1,396.724,178.310,174.064,99.012,1,-1,-1,-1
200,1,400.025,178.977,170.366,96.873,1,-1,-1,-1
200,3,-71.727,0.000,617.477,158.041,1,-1,-1,-1
201,1,401.338,179.663,170.329,96.852,1,-1,-1,-1
201,3,-51.017,0.000,575.355,149.553,1,-1,-1,-1
202,1,402.651,180.349,170.293,96.831,1,-1,-1,-1
202,3,-36.823,0.000,549.723,145.517,1,-1,-1,-1
203,1,403.963,181.034,170.257,96.811,1,-1,-1,-1
203,3,-27.355,0.000,532.809,143.940,1,-1,-1,-1
204,1,405.276,181.720,170.220,96.790,1,-1,-1,-1
204,3,-29.546,0.000,527.801,142.587,1,-1,-1,-1
205,1,406.589,182.406,170.184,96.769,1,-1,-1,-1
205,3,-31.737,0.000,522.793,141.234,1,-1,-1,-1
206,1,407.901,183.091,170.147,96.748,1,-1,-1,-1
206,3,-33.928,0.000,517.785,139.881,1,-1,-1,-1
207,1,409.214,183.777,170.111,96.727,1,-1,-1,-1
207,3,-36.119,0.000,512.777,138.528,1,-1,-1,-1
208,1,410.527,184.463,170.074,96.706,1,-1,-1,-1
208,3,-38.310,0.000,507.769,137.175,1,-1,-1,-1
209,1,421.904,173.703,159.806,89.594,1,-1,-1,-1
209,3,-40.501,0.000,502.761,135.822,1,-1,-1,-1
210,1,424.016,173.517,158.447,87.647,1,-1,-1,-1
210,3,-42.691,0.000,497.753,134.469,1,-1,-1,-1
211,1,425.442,173.466,158.671,86.883,1,-1,-1,-1
211,3,-44.882,0.000,492.746,133.117,1,-1,-1,-1
212,1,427.716,173.306,157.383,86.177,1,-1,-1,-1
212,3,-47.073,0.000,487.738,131.764,1,-1,-1,-1
213,1,429.989,173.145,156.095,85.470,1,-1,-1,-1
213,3,-49.264,0.000,482.730,130.411,1,-1,-1,-1
214,1,432.263,172.985,154.807,84.764,1,-1,-1,-1
214,3,-51.455,0.000,477.722,129.058,1,-1,-1,-1
215,1,431.114,173.624,157.006,84.320,1,-1,-1,-1
215,3,-53.646,0.000,472.714,127.705,1,-1,-1,-1
216,1,430.449,173.026,159.052,84.177,1,-1,-1,-1
216,3,-55.837,0.000,467.706,126.352,1,-1,-1,-1
217,1,430.438,172.553,160.824,84.149,1,-1,-1,-1
217,3,-58.028,0.000,462.698,124.999,1,-1,-1,-1
218,1,429.608,171.937,163.460,84.861,1,-1,-1,-1
218,3,-60.219,0.000,457.690,123.646,1,-1,-1,-1
219,1,430.050,171.261,164.215,84.682,1,-1,-1,-1
219,3,-62.410,0.000,452.683,122.294,1,-1,-1,-1
220,1,428.185,169.688,168.927,87.154,1,-1,-1,-1
220,3,-64.601,0.000,447.675,120.941,1,-1,-1,-1
221,1,427.090,168.338,171.454,88.606,1,-1,-1,-1
221,3,-66.792,0.000,442.667,119.588,1,-1,-1,-1
222,1,426.270,167.667,173.067,89.602,1,-1,-1,-1
222,3,-68.983,0.000,437.659,118.235,1,-1,-1,-1
223,1,426.193,167.523,170.951,88.236,1,-1,-1,-1
223,3,-71.174,0.000,432.651,116.882,1,-1,-1,-1
224,1,425.452,167.864,170.084,87.508,1,-1,-1,-1
224,3,-73.365,0.000,427.643,115.529,1,-1,-1,-1
225,1,424.360,168.581,169.314,86.875,1,-1,-1,-1
225,3,-75.556,0.000,422.635,114.176,1,-1,-1,-1
226,1,422.244,168.175,171.419,87.911,1,-1,-1,-1
226,3,-77.747,0.000,417.628,112.823,1,-1,-1,-1
227,1,418.970,167.442,176.109,90.727,1,-1,-1,-1
227,3,-79.938,0.000,412.620,111.471,1,-1,-1,-1
228,1,416.362,166.728,178.287,92.296,1,-1,-1,-1
228,3,-82.129,0.000,407.612,110.118,1,-1,-1,-1
229,1,412.175,165.652,181.721,94.585,1,-1,-1,-1
229,3,-84.320,0.000,402.604,108.765,1,-1,-1,-1
230,1,409.578,164.448,182.513,95.404,1,-1,-1,-1
230,3,-86.511,0.000,397.596,107.412,1,-1,-1,-1
231,1,407.332,163.325,184.091,96.805,1,-1,-1,-1
231,3,-88.702,0.000,392.588,106.059,1,-1,-1,-1
232,1,407.732,164.614,179.651,94.865,1,-1,-1,-1
232,3,-90.893,0.000,387.581,104.706,1,-1,-1,-1
233,1,407.432,165.447,177.266,93.959,1,-1,-1,-1
233,3,-93.083,0.000,382.573,103.353,1,-1,-1,-1
234,1,405.572,165.093,177.428,94.390,1,-1,-1,-1
235,1,402.626,164.158,179.537,95.961,1,-1,-1,-1
236,1,399.799,163.255,179.960,96.471,1,-1,-1,-1
237,1,398.103,166.836,181.811,97.950,1,-1,-1,-1
238,1,395.489,166.732,181.386,98.214,1,-1,-1,-1
239,1,393.613,166.908,180.698,98.119,1,-1,-1,-1
240,1,390.938,166.093,180.374,98.358,1,-1,-1,-1
241,1,388.254,164.765,180.657,99.015,1,-1,-1,-1
242,1,386.201,164.239,180.258,99.425,1,-1,-1,-1
243,1,383.571,163.000,181.149,100.550,1,-1,-1,-1
244,1,381.287,162.655,182.123,101.090,1,-1,-1,-1
245,1,379.004,162.310,183.096,101.630,1,-1,-1,-1
246,1,376.720,161.965,184.070,102.170,1,-1,-1,-1
247,1,374.436,161.620,185.044,102.710,1,-1,-1,-1
248,1,372.153,161.275,186.017,103.249,1,-1,-1,-1
249,1,369.869,160.930,186.991,103.789,1,-1,-1,-1
250,1,367.586,160.585,187.965,104.329,1,-1,-1,-1
251,1,365.302,160.240,188.939,104.869,1,-1,-1,-1
252,1,363.018,159.894,189.912,105.409,1,-1,-1,-1
253,1,360.735,159.549,190.886,105.949,1,-1,-1,-1
254,1,358.451,159.204,191.860,106.489,1,-1,-1,-1
255,1,375.902,176.782,161.047,87.456,1,-1,-1,-1
256,1,373.195,179.373,162.624,87.660,1,-1,-1,-1
257,1,371.159,180.191,164.112,88.053,1,-1,-1,-1
258,1,367.840,180.572,169.107,90.983,1,-1,-1,-1
259,1,364.542,180.759,172.803,93.509,1,-1,-1,-1
260,1,359.125,180.127,179.062,97.714,1,-1,-1,-1
260,5,62.378,0.000,498.462,179.222,1,-1,-1,-1
261,1,355.021,179.537,183.862,101.414,1,-1,-1,-1
261,5,-31.793,0.000,648.214,235.472,1,-1,-1,-1
262,1,351.857,179.141,186.533,104.022,1,-1,-1,-1
262,5,-15.016,0.000,602.977,218.826,1,-1,-1,-1
263,1,349.552,178.260,189.706,107.153,1,-1,-1,-1
263,5,17.271,0.000,555.364,200.531,1,-1,-1,-1
264,1,349.000,178.225,188.365,107.488,1,-1,-1,-1
264,5,42.198,0.000,513.611,183.226,1,-1,-1,-1
265,1,347.718,177.944,187.082,107.803,1,-1,-1,-1
265,5,91.666,0.000,488.886,173.765,1,-1,-1,-1
266,1,346.875,177.513,185.811,107.957,1,-1,-1,-1
266,5,75.151,0.000,510.490,181.444,1,-1,-1,-1
267,1,346.002,177.143,183.924,107.629,1,-1,-1,-1
267,5,58.637,0.000,532.093,189.122,1,-1,-1,-1
268,1,344.653,175.896,184.014,108.640,1,-1,-1,-1
268,5,42.123,0.000,553.697,196.801,1,-1,-1,-1
269,1,343.764,175.404,181.955,108.085,1,-1,-1,-1
269,5,25.608,0.000,575.300,204.479,1,-1,-1,-1
270,1,343.559,174.435,179.755,107.266,1,-1,-1,-1
270,5,9.094,0.000,596.904,212.158,1,-1,-1,-1
271,1,341.680,170.551,181.144,108.809,1,-1,-1,-1
271,5,-7.421,0.000,618.508,219.837,1,-1,-1,-1
272,1,343.141,171.612,174.960,105.210,1,-1,-1,-1
272,5,-23.935,0.000,640.111,227.515,1,-1,-1,-1
273,1,344.967,174.648,168.743,101.438,1,-1,-1,-1
273,5,-40.450,0.000,661.715,235.194,1,-1,-1,-1
274,1,342.111,171.095,171.785,103.617,1,-1,-1,-1
274,5,-56.964,0.000,683.318,242.872,1,-1,-1,-1
275,1,340.553,170.654,171.961,103.726,1,-1,-1,-1
275,5,-73.478,0.000,704.922,250.551,1,-1,-1,-1
276,1,338.995,170.213,172.138,103.834,1,-1,-1,-1
276,5,-89.993,0.000,726.525,258.229,1,-1,-1,-1
277,1,343.300,169.721,167.856,101.051,1,-1,-1,-1
277,5,-106.507,0.000,748.129,265.908,1,-1,-1,-1
278,1,346.521,172.511,159.628,95.268,1,-1,-1,-1
278,5,-123.022,0.000,769.732,273.586,1,-1,-1,-1
279,1,346.120,172.419,158.281,94.466,1,-1,-1,-1
279,5,-139.536,0.000,791.336,281.265,1,-1,-1,-1
280,1,345.718,172.328,156.935,93.664,1,-1,-1,-1
280,5,-156.051,0.000,812.939,288.943,1,-1,-1,-1
281,1,345.317,172.237,155.589,92.862,1,-1,-1,-1
281,5,-172.565,0.000,834.543,296.622,1,-1,-1,-1
282,1,342.785,167.284,164.071,97.936,1,-1,-1,-1
282,5,-189.080,0.000,856.146,304.301,1,-1,-1,-1
283,1,344.696,170.009,160.820,95.588,1,-1,-1,-1
283,5,-205.594,0.000,877.750,311.979,1,-1,-1,-1
284,1,345.600,171.316,159.566,94.527,1,-1,-1,-1
284,5,-222.108,0.000,899.353,319.658,1,-1,-1,-1
285,1,345.451,170.432,159.997,94.746,1,-1,-1,-1
285,5,-238.623,0.000,920.957,327.336,1,-1,-1,-1
286,1,345.437,169.305,160.671,95.126,1,-1,-1,-1
286,5,-255.137,0.000,942.560,335.015,1,-1,-1,-1
287,1,343.062,164.624,167.928,99.848,1,-1,-1,-1
287,5,-271.652,0.000,964.164,342.693,1,-1,-1,-1
288,1,342.434,162.241,170.809,101.938,1,-1,-1,-1
288,5,-288.166,0.000,985.768,350.372,1,-1,-1,-1
289,1,342.623,161.877,169.431,101.341,1,-1,-1,-1
289,5,-304.681,0.000,1007.371,358.050,1,-1,-1,-1
290,1,343.838,162.237,166.834,99.781,1,-1,-1,-1
290,5,-321.195,0.000,1028.975,365.729,1,-1,-1,-1
291,1,345.112,163.066,164.791,98.411,1,-1,-1,-1
291,5,-337.710,0.000,1050.578,373.407,1,-1,-1,-1
292,1,345.074,162.676,165.412,98.807,1,-1,-1,-1
292,5,-354.224,0.000,1072.182,381.086,1,-1,-1,-1
293,1,344.850,162.333,166.068,99.277,1,-1,-1,-1
293,5,-370.738,0.000,1093.785,388.764,1,-1,-1,-1
294,1,345.488,162.217,165.458,98.947,1,-1,-1,-1
294,5,196.507,0.000,391.326,139.565,1,-1,-1,-1
295,1,346.506,162.243,163.785,97.831,1,-1,-1,-1
295,5,203.544,0.682,386.194,138.273,1,-1,-1,-1
296,1,348.516,163.548,160.094,95.255,1,-1,-1,-1
296,5,235.437,5.773,365.222,132.443,1,-1,-1,-1
297,1,348.260,162.126,160.729,95.473,1,-1,-1,-1
297,5,246.879,2.291,368.597,136.217,1,-1,-1,-1
298,1,348.361,161.584,160.084,94.830,1,-1,-1,-1
298,5,242.088,0.647,373.656,138.722,1,-1,-1,-1
299,1,348.663,161.187,159.502,94.487,1,-1,-1,-1
299,5,249.617,0.259,373.112,138.520,1,-1,-1,-1
300,1,348.964,160.791,158.921,94.143,1,-1,-1,-1
300,5,257.146,-0.129,372.568,138.318,1,-1,-1,-1
301,1,349.266,160.395,158.339,93.800,1,-1,-1,-1
301,5,264.675,-0.517,372.024,138.116,1,-1,-1,-1
302,1,349.567,159.998,157.757,93.456,1,-1,-1,-1
302,5,272.204,-0.905,371.479,137.914,1,-1,-1,-1
303,1,349.869,159.602,157.175,93.113,1,-1,-1,-1
303,5,279.733,-1.293,370.935,137.712,1,-1,-1,-1
304,1,350.170,159.205,156.594,92.769,1,-1,-1,-1
304,5,287.262,-1.681,370.391,137.510,1,-1,-1,-1
305,1,346.677,158.477,153.770,90.302,1,-1,-1,-1
305,5,294.791,-2.069,369.846,137.308,1,-1,-1,-1
306,1,346.721,158.053,152.881,89.781,1,-1,-1,-1
306,5,302.320,-2.457,369.302,137.106,1,-1,-1,-1
307,1,346.765,157.629,151.992,89.260,1,-1,-1,-1
307,5,309.848,-2.845,368.758,136.904,1,-1,-1,-1
308,1,346.809,157.205,151.104,88.739,1,-1,-1,-1
308,5,317.377,-3.232,368.214,136.702,1,-1,-1,-1
309,1,346.853,156.781,150.215,88.218,1,-1,-1,-1
309,5,324.906,-3.620,367.669,136.500,1,-1,-1,-1
310,1,346.896,156.357,149.326,87.697,1,-1,-1,-1
310,5,332.435,-4.008,367.125,136.299,1,-1,-1,-1
311,1,346.940,155.932,148.438,87.176,1,-1,-1,-1
311,5,339.964,-4.396,366.581,136.097,1,-1,-1,-1
312,1,346.984,155.508,147.549,86.655,1,-1,-1,-1
312,5,347.493,-4.784,366.036,135.895,1,-1,-1,-1
313,1,347.028,155.084,146.660,86.134,1,-1,-1,-1
313,5,355.022,-5.172,365.492,135.693,1,-1,-1,-1
314,1,347.072,154.660,145.772,85.612,1,-1,-1,-1
314,5,362.551,-5.560,364.948,135.491,1,-1,-1,-1
315,1,334.871,141.087,159.747,93.040,1,-1,-1,-1
315,5,370.080,-5.948,364.404,135.289,1,-1,-1,-1
316,1,333.025,138.570,161.508,93.582,1,-1,-1,-1
316,5,377.609,-6.336,363.859,135.087,1,-1,-1,-1
317,1,332.170,137.088,161.680,93.682,1,-1,-1,-1
317,5,385.137,-6.724,363.315,134.885,1,-1,-1,-1
318,1,331.314,135.605,161.852,93.782,1,-1,-1,-1
318,5,392.666,-7.111,362.771,134.683,1,-1,-1,-1
319,1,330.459,134.122,162.024,93.882,1,-1,-1,-1
319,5,400.195,-7.499,362.227,134.481,1,-1,-1,-1
320,1,329.604,132.640,162.196,93.983,1,-1,-1,-1
320,5,407.724,-7.887,361.682,134.279,1,-1,-1,-1
321,1,328.748,131.157,162.368,94.083,1,-1,-1,-1
321,5,415.253,-8.275,361.138,134.077,1,-1,-1,-1
322,1,327.893,129.674,162.540,94.183,1,-1,-1,-1
322,5,422.782,-8.663,360.594,133.875,1,-1,-1,-1
323,1,327.038,128.191,162.712,94.283,1,-1,-1,-1
323,5,430.311,-9.051,360.049,133.673,1,-1,-1,-1
324,1,326.182,126.709,162.884,94.383,1,-1,-1,-1
324,5,437.840,-9.439,359.505,133.471,1,-1,-1,-1
325,1,325.327,125.226,163.056,94.483,1,-1,-1,-1
325,5,445.369,-9.827,358.961,133.269,1,-1,-1,-1
326,1,324.472,123.743,163.228,94.583,1,-1,-1,-1
326,5,452.897,-10.215,358.417,133.067,1,-1,-1,-1
327,1,323.617,122.261,163.400,94.683,1,-1,-1,-1
327,5,460.426,-10.603,357.872,132.865,1,-1,-1,-1
328,1,322.761,120.778,163.572,94.783,1,-1,-1,-1
328,5,467.955,-10.991,357.328,132.663,1,-1,-1,-1
329,1,321.906,119.295,163.744,94.884,1,-1,-1,-1
330,1,321.051,117.813,163.916,94.984,1,-1,-1,-1
331,1,320.195,116.330,164.088,95.084,1,-1,-1,-1
332,1,319.340,114.847,164.260,95.184,1,-1,-1,-1
333,1,318.485,113.365,164.432,95.284,1,-1,-1,-1
334,1,317.630,111.882,164.604,95.384,1,-1,-1,-1
335,1,316.774,110.399,164.776,95.484,1,-1,-1,-1
336,1,315.919,108.917,164.948,95.584,1,-1,-1,-1
337,1,315.064,107.434,165.120,95.684,1,-1,-1,-1
338,1,314.208,105.951,165.292,95.785,1,-1,-1,-1
339,1,313.353,104.468,165.463,95.885,1,-1,-1,-1
340,1,323.161,127.924,152.067,84.897,1,-1,-1,-1
341,1,320.340,127.331,156.536,86.158,1,-1,-1,-1
342,1,319.935,126.925,156.151,85.945,1,-1,-1,-1
343,1,319.530,126.519,155.767,85.733,1,-1,-1,-1
344,1,319.125,126.113,155.383,85.520,1,-1,-1,-1
345,1,318.720,125.707,154.998,85.308,1,-1,-1,-1
346,1,318.315,125.301,154.614,85.096,1,-1,-1,-1
347,1,317.910,124.895,154.229,84.883,1,-1,-1,-1
348,1,317.505,124.489,153.845,84.671,1,-1,-1,-1
349,1,317.100,124.083,153.461,84.458,1,-1,-1,-1
350,1,316.695,123.677,153.076,84.246,1,-1,-1,-1
351,1,316.290,123.271,152.692,84.033,1,-1,-1,-1
352,1,315.885,122.865,152.307,83.821,1,-1,-1,-1
353,1,315.480,122.459,151.923,83.608,1,-1,-1,-1
354,1,315.075,122.053,151.539,83.396,1,-1,-1,-1
355,1,314.670,121.647,151.154,83.183,1,-1,-1,-1
356,1,314.266,121.241,150.770,82.971,1,-1,-1,-1
357,1,313.861,120.835,150.385,82.759,1,-1,-1,-1
358,1,313.456,120.429,150.001,82.546,1,-1,-1,-1
359,1,313.051,120.023,149.616,82.334,1,-1,-1,-1
360,1,312.646,119.617,149.232,82.121,1,-1,-1,-1
361,1,312.241,119.211,148.847,81.909,1,-1,-1,-1
362,1,311.836,118.805,148.463,81.696,1,-1,-1,-1
363,1,311.431,118.399,148.078,81.484,1,-1,-1,-1
364,1,311.026,117.993,147.694,81.271,1,-1,-1,-1
365,1,310.622,117.587,147.309,81.059,1,-1,-1,-1
366,1,310.217,117.181,146.925,80.846,1,-1,-1,-1
367,1,309.812,116.776,146.540,80.634,1,-1,-1,-1
368,1,309.407,116.370,146.156,80.421,1,-1,-1,-1
369,1,309.002,115.964,145.771,80.209,1,-1,-1,-1
370,1,308.597,115.558,145.387,79.997,1,-1,-1,-1
371,1,308.192,115.152,145.002,79.784,1,-1,-1,-1
372,9,68.002,0.000,483.019,153.866,1,-1,-1,-1
373,9,71.019,0.000,479.715,151.719,1,-1,-1,-1
374,9,80.461,0.000,461.739,146.034,1,-1,-1,-1
375,9,89.902,0.000,443.764,140.348,1,-1,-1,-1
376,9,99.344,0.000,425.788,134.663,1,-1,-1,-1
377,9,108.785,0.000,407.812,128.978,1,-1,-1,-1
377,10,28.024,0.000,561.316,160.421,1,-1,-1,-1
378,9,118.227,0.000,389.836,123.293,1,-1,-1,-1
378,10,29.518,0.000,564.761,161.139,1,-1,-1,-1
379,9,127.669,0.000,371.860,117.608,1,-1,-1,-1
379,10,23.218,0.000,575.543,163.993,1,-1,-1,-1
380,9,137.110,0.000,353.884,111.922,1,-1,-1,-1
380,10,17.036,0.000,592.356,168.855,1,-1,-1,-1
381,9,146.552,0.000,335.908,106.237,1,-1,-1,-1
381,10,16.533,0.000,594.764,169.542,1,-1,-1,-1
382,9,155.994,0.000,317.933,100.552,1,-1,-1,-1
382,10,16.030,0.000,597.172,170.228,1,-1,-1,-1
383,9,165.435,0.000,299.957,94.867,1,-1,-1,-1
383,10,15.527,0.000,599.580,170.915,1,-1,-1,-1
384,9,174.877,0.000,281.981,89.182,1,-1,-1,-1
384,10,15.024,0.000,601.988,171.601,1,-1,-1,-1
385,9,184.318,0.000,264.005,83.496,1,-1,-1,-1
385,10,14.521,0.000,604.397,172.288,1,-1,-1,-1
386,9,193.760,0.000,246.029,77.811,1,-1,-1,-1
386,10,14.018,0.000,606.805,172.974,1,-1,-1,-1
387,9,203.202,0.000,228.053,72.126,1,-1,-1,-1
387,10,13.515,0.000,609.213,173.660,1,-1,-1,-1
388,9,212.643,0.000,210.078,66.441,1,-1,-1,-1
388,10,13.012,0.000,611.621,174.347,1,-1,-1,-1
389,9,-0.752,0.000,593.293,187.921,1,-1,-1,-1
389,10,12.509,0.000,614.030,175.033,1,-1,-1,-1
390,9,-4.690,0.000,599.411,189.859,1,-1,-1,-1
390,10,12.007,0.000,616.438,175.720,1,-1,-1,-1
391,9,-8.629,0.000,605.529,191.797,1,-1,-1,-1
391,10,11.504,0.000,618.846,176.406,1,-1,-1,-1
392,9,-12.568,0.000,611.648,193.735,1,-1,-1,-1
392,10,11.001,0.000,621.254,177.093,1,-1,-1,-1
393,9,-16.507,0.000,617.766,195.673,1,-1,-1,-1
393,10,10.498,0.000,623.663,177.779,1,-1,-1,-1
393,14,-18.759,0.000,604.013,214.446,1,-1,-1,-1
394,9,-20.445,0.000,623.884,197.610,1,-1,-1,-1
394,10,9.995,0.000,626.071,178.466,1,-1,-1,-1
394,14,-9.968,0.000,590.311,209.780,1,-1,-1,-1
395,9,-24.384,0.000,630.003,199.548,1,-1,-1,-1
395,10,9.492,0.000,628.479,179.152,1,-1,-1,-1
395,14,14.993,0.000,559.941,198.252,1,-1,-1,-1
396,9,-28.323,0.000,636.121,201.486,1,-1,-1,-1
396,10,8.989,0.000,630.887,179.839,1,-1,-1,-1
396,14,-11.196,0.000,597.672,212.517,1,-1,-1,-1
397,9,-32.261,0.000,642.239,203.424,1,-1,-1,-1
397,10,8.486,0.000,633.296,180.525,1,-1,-1,-1
397,14,-34.875,0.000,638.583,229.113,1,-1,-1,-1
398,9,-36.200,0.000,648.358,205.362,1,-1,-1,-1
398,10,7.983,0.000,635.704,181.212,1,-1,-1,-1
398,14,-15.892,0.000,587.833,211.168,1,-1,-1,-1
399,9,-3.004,0.000,540.445,171.499,1,-1,-1,-1
399,10,7.480,0.000,638.112,181.898,1,-1,-1,-1
399,14,-17.447,0.000,588.148,211.281,1,-1,-1,-1
400,9,-54.059,0.000,636.630,212.221,1,-1,-1,-1
400,10,6.977,0.000,640.520,182.585,1,-1,-1,-1
400,14,-19.002,0.000,588.464,211.395,1,-1,-1,-1
401,9,19.745,0.000,558.353,173.556,1,-1,-1,-1
401,10,6.474,0.000,642.929,183.271,1,-1,-1,-1
401,14,-20.557,0.000,588.779,211.508,1,-1,-1,-1
402,9,34.750,0.000,525.594,158.539,1,-1,-1,-1
402,10,5.971,0.000,645.337,183.958,1,-1,-1,-1
402,14,-22.111,0.000,589.095,211.621,1,-1,-1,-1
403,9,42.777,0.000,521.331,152.747,1,-1,-1,-1
403,10,5.468,0.000,647.745,184.644,1,-1,-1,-1
403,14,-23.666,0.000,589.410,211.735,1,-1,-1,-1
404,9,34.207,0.000,512.053,147.508,1,-1,-1,-1
404,10,4.965,0.000,650.153,185.331,1,-1,-1,-1
404,14,-25.221,0.000,589.726,211.848,1,-1,-1,-1
405,9,38.873,0.000,501.832,144.563,1,-1,-1,-1
405,10,4.462,0.000,652.562,186.017,1,-1,-1,-1
405,14,-26.776,0.000,590.041,211.961,1,-1,-1,-1
406,9,43.539,0.000,491.611,141.619,1,-1,-1,-1
406,10,3.959,0.000,654.970,186.704,1,-1,-1,-1
406,14,-28.331,0.000,590.357,212.075,1,-1,-1,-1
407,9,48.204,0.000,481.389,138.674,1,-1,-1,-1
407,10,3.456,0.000,657.378,187.390,1,-1,-1,-1
407,14,-29.886,0.000,590.672,212.188,1,-1,-1,-1
408,9,52.870,0.000,471.168,135.729,1,-1,-1,-1
408,10,2.953,0.000,659.786,188.077,1,-1,-1,-1
408,14,-31.440,0.000,590.988,212.301,1,-1,-1,-1
409,9,57.536,0.000,460.947,132.785,1,-1,-1,-1
409,10,2.450,0.000,662.194,188.763,1,-1,-1,-1
409,14,-32.995,0.000,591.303,212.415,1,-1,-1,-1
410,9,62.201,0.000,450.726,129.840,1,-1,-1,-1
410,10,1.947,0.000,664.603,189.450,1,-1,-1,-1
410,14,-34.550,0.000,591.619,212.528,1,-1,-1,-1
411,9,66.867,0.000,440.504,126.895,1,-1,-1,-1
411,14,-36.105,0.000,591.934,212.642,1,-1,-1,-1
412,9,71.533,0.000,430.283,123.951,1,-1,-1,-1
412,14,-37.660,0.000,592.250,212.755,1,-1,-1,-1
413,9,76.199,0.000,420.062,121.006,1,-1,-1,-1
413,14,-39.215,0.000,592.565,212.868,1,-1,-1,-1
413,15,300.429,130.734,147.929,93.906,1,-1,-1,-1
414,9,80.865,0.000,409.840,118.061,1,-1,-1,-1
414,14,-40.769,0.000,592.881,212.982,1,-1,-1,-1
414,15,298.184,129.062,149.872,95.183,1,-1,-1,-1
415,9,85.531,0.000,399.619,115.117,1,-1,-1,-1
415,14,-42.324,0.000,593.196,213.095,1,-1,-1,-1
415,15,296.812,128.035,151.280,96.112,1,-1,-1,-1
416,9,90.196,0.000,389.397,112.172,1,-1,-1,-1
416,14,-43.879,0.000,593.512,213.208,1,-1,-1,-1
416,15,296.362,127.840,151.908,96.373,1,-1,-1,-1
417,9,94.862,0.000,379.176,109.227,1,-1,-1,-1
417,14,-45.434,0.000,593.827,213.322,1,-1,-1,-1
417,15,295.851,127.218,152.862,96.866,1,-1,-1,-1
418,9,99.528,0.000,368.954,106.283,1,-1,-1,-1
418,14,-46.989,0.000,594.143,213.435,1,-1,-1,-1
418,15,293.656,125.564,153.966,97.744,1,-1,-1,-1
419,9,104.194,0.000,358.732,103.338,1,-1,-1,-1
419,14,-48.544,0.000,594.458,213.548,1,-1,-1,-1
419,15,295.945,128.674,149.897,94.684,1,-1,-1,-1
420,9,108.860,0.000,348.511,100.394,1,-1,-1,-1
420,14,-50.098,0.000,594.774,213.662,1,-1,-1,-1
420,15,294.993,128.154,151.049,95.071,1,-1,-1,-1
421,9,113.526,0.000,338.289,97.449,1,-1,-1,-1
421,14,-51.653,0.000,595.089,213.775,1,-1,-1,-1
421,15,294.397,127.847,151.063,95.080,1,-1,-1,-1
422,9,118.192,0.000,328.067,94.504,1,-1,-1,-1
422,14,-53.208,0.000,595.405,213.888,1,-1,-1,-1
422,15,293.801,127.540,151.077,95.089,1,-1,-1,-1
423,9,122.858,0.000,317.846,91.560,1,-1,-1,-1
423,14,-54.763,0.000,595.720,214.002,1,-1,-1,-1
423,15,292.313,123.720,153.168,96.477,1,-1,-1,-1
424,9,127.524,0.000,307.624,88.615,1,-1,-1,-1
424,14,-56.318,0.000,596.036,214.115,1,-1,-1,-1
424,15,294.631,124.072,151.966,95.555,1,-1,-1,-1
425,9,132.190,0.000,297.402,85.670,1,-1,-1,-1
425,14,-57.873,0.000,596.352,214.228,1,-1,-1,-1
425,15,295.557,123.572,151.438,94.993,1,-1,-1,-1
426,9,136.856,0.000,287.180,82.726,1,-1,-1,-1
426,14,-59.427,0.000,596.667,214.342,1,-1,-1,-1
426,15,297.316,123.347,148.463,92.625,1,-1,-1,-1
427,9,141.522,0.000,276.958,79.781,1,-1,-1,-1
427,14,-60.982,0.000,596.983,214.455,1,-1,-1,-1
427,15,296.997,121.933,148.988,92.666,1,-1,-1,-1
428,9,146.188,0.000,266.736,76.836,1,-1,-1,-1
428,14,-62.537,0.000,597.298,214.568,1,-1,-1,-1
428,15,294.385,119.516,150.776,93.685,1,-1,-1,-1
429,9,150.854,0.000,256.514,73.892,1,-1,-1,-1
429,15,297.122,120.222,147.023,90.745,1,-1,-1,-1
430,9,155.520,0.000,246.292,70.947,1,-1,-1,-1
430,15,298.918,122.040,143.376,87.577,1,-1,-1,-1
431,9,160.187,0.000,236.070,68.002,1,-1,-1,-1
431,15,297.686,120.902,145.053,88.022,1,-1,-1,-1
432,9,164.853,0.000,225.848,65.058,1,-1,-1,-1
432,15,296.581,119.832,146.387,88.253,1,-1,-1,-1
433,9,169.519,0.000,215.626,62.113,1,-1,-1,-1
433,15,296.785,119.288,145.538,87.742,1,-1,-1,-1
434,9,174.185,0.000,205.404,59.168,1,-1,-1,-1
434,15,296.989,118.744,144.690,87.230,1,-1,-1,-1
435,15,297.194,118.200,143.841,86.719,1,-1,-1,-1
436,15,297.398,117.656,142.993,86.207,1,-1,-1,-1
437,15,297.602,117.111,142.145,85.696,1,-1,-1,-1
438,15,297.806,116.567,141.296,85.184,1,-1,-1,-1
439,15,298.010,116.023,140.448,84.672,1,-1,-1,-1
440,15,298.214,115.479,139.599,84.161,1,-1,-1,-1
441,15,298.419,114.935,138.751,83.649,1,-1,-1,-1
442,15,298.623,114.391,137.902,83.138,1,-1,-1,-1
443,15,298.827,113.847,137.054,82.626,1,-1,-1,-1
444,15,299.031,113.303,136.205,82.115,1,-1,-1,-1
445,15,299.235,112.758,135.357,81.603,1,-1,-1,-1
446,15,299.440,112.214,134.508,81.091,1,-1,-1,-1
447,15,299.644,111.670,133.660,80.580,1,-1,-1,-1
448,15,299.848,111.126,132.811,80.068,1,-1,-1,-1
449,15,300.052,110.582,131.963,79.557,1,-1,-1,-1
450,15,300.256,110.038,131.114,79.045,1,-1,-1,-1
451,15,300.460,109.494,130.266,78.534,1,-1,-1,-1
452,15,300.665,108.950,129.417,78.022,1,-1,-1,-1
453,15,300.869,108.405,128.569,77.511,1,-1,-1,-1
454,15,301.073,107.861,127.721,76.999,1,-1,-1,-1
455,15,301.277,107.317,126.872,76.487,1,-1,-1,-1
456,15,301.481,106.773,126.024,75.976,1,-1,-1,-1
457,15,301.685,106.229,125.175,75.464,1,-1,-1,-1
458,15,301.890,105.685,124.327,74.953,1,-1,-1,-1
459,15,302.094,105.141,123.478,74.441,1,-1,-1,-1
460,15,302.298,104.597,122.630,73.930,1,-1,-1,-1
461,15,302.502,104.053,121.781,73.418,1,-1,-1,-1
462,15,302.706,103.508,120.933,72.907,1,-1,-1,-1
534,18,333.990,133.432,136.993,93.228,1,-1,-1,-1
535,18,332.700,130.257,141.031,96.174,1,-1,-1,-1
536,18,334.911,131.915,138.048,94.241,1,-1,-1,-1
537,18,338.555,135.919,131.889,89.878,1,-1,-1,-1
538,18,340.676,137.239,129.016,87.739,1,-1,-1,-1
539,18,342.166,137.003,128.599,87.260,1,-1,-1,-1
540,18,342.774,136.208,128.880,87.269,1,-1,-1,-1
541,18,343.109,134.483,129.633,87.686,1,-1,-1,-1
541,19,-47.892,0.000,690.998,190.328,1,-1,-1,-1
542,18,343.776,134.203,128.715,86.891,1,-1,-1,-1
542,19,-65.541,0.000,718.173,197.813,1,-1,-1,-1
543,18,343.952,134.506,129.298,87.176,1,-1,-1,-1
543,19,-83.190,0.000,745.348,205.298,1,-1,-1,-1
544,18,344.478,133.639,128.636,86.542,1,-1,-1,-1
544,19,-100.840,0.000,772.524,212.783,1,-1,-1,-1
545,18,343.162,130.411,131.588,88.534,1,-1,-1,-1
545,19,-118.489,0.000,799.699,220.268,1,-1,-1,-1
545,20,11.902,0.000,537.151,183.969,1,-1,-1,-1
546,18,343.589,129.116,131.540,88.461,1,-1,-1,-1
546,19,7.138,0.000,566.479,155.452,1,-1,-1,-1
546,20,17.942,0.000,526.572,180.346,1,-1,-1,-1
547,18,343.275,127.956,133.339,89.713,1,-1,-1,-1
547,19,-1.966,0.000,593.650,163.634,1,-1,-1,-1
547,20,23.982,0.000,515.993,176.722,1,-1,-1,-1
548,18,342.389,126.908,135.754,91.589,1,-1,-1,-1
548,19,-0.058,0.000,590.159,163.695,1,-1,-1,-1
548,20,30.021,0.000,505.413,173.099,1,-1,-1,-1
549,18,344.058,127.819,134.753,90.869,1,-1,-1,-1
549,19,-3.719,0.000,603.308,168.730,1,-1,-1,-1
549,20,36.061,0.000,494.834,169.476,1,-1,-1,-1
550,18,345.305,128.065,134.263,90.378,1,-1,-1,-1
550,19,-4.429,0.000,604.143,168.963,1,-1,-1,-1
550,20,40.044,0.000,514.454,174.929,1,-1,-1,-1
551,18,346.386,128.970,132.826,89.158,1,-1,-1,-1
551,19,-5.139,0.000,604.977,169.197,1,-1,-1,-1
551,20,22.568,0.000,549.423,186.569,1,-1,-1,-1
552,18,348.293,129.566,132.289,88.259,1,-1,-1,-1
552,19,-5.849,0.000,605.812,169.430,1,-1,-1,-1
552,20,25.042,0.000,549.188,186.489,1,-1,-1,-1
553,18,347.994,129.423,132.603,88.131,1,-1,-1,-1
553,19,-6.559,0.000,606.647,169.664,1,-1,-1,-1
553,20,27.516,0.000,548.953,186.409,1,-1,-1,-1
554,18,347.323,129.069,132.954,88.171,1,-1,-1,-1
554,19,-7.269,0.000,607.482,169.897,1,-1,-1,-1
554,20,29.990,0.000,548.718,186.329,1,-1,-1,-1
555,18,345.448,127.173,135.375,89.805,1,-1,-1,-1
555,19,-7.979,0.000,608.317,170.131,1,-1,-1,-1
555,20,32.464,0.000,548.483,186.249,1,-1,-1,-1
556,18,343.589,124.737,138.870,92.245,1,-1,-1,-1
556,19,-8.689,0.000,609.152,170.364,1,-1,-1,-1
556,20,34.938,0.000,548.248,186.169,1,-1,-1,-1
557,18,343.654,124.115,139.337,92.556,1,-1,-1,-1
557,19,-9.399,0.000,609.987,170.598,1,-1,-1,-1
557,20,37.412,0.000,548.013,186.090,1,-1,-1,-1
558,18,342.219,122.890,140.258,93.242,1,-1,-1,-1
558,19,-10.109,0.000,610.822,170.831,1,-1,-1,-1
558,20,39.886,0.000,547.778,186.010,1,-1,-1,-1
559,18,341.534,123.176,137.642,91.630,1,-1,-1,-1
559,19,-10.819,0.000,611.657,171.065,1,-1,-1,-1
559,20,42.360,0.000,547.543,185.930,1,-1,-1,-1
560,18,341.516,124.094,135.639,90.109,1,-1,-1,-1
560,19,-11.529,0.000,612.492,171.298,1,-1,-1,-1
560,20,44.834,0.000,547.307,185.850,1,-1,-1,-1
561,18,341.383,123.671,135.592,90.077,1,-1,-1,-1
561,19,-12.239,0.000,613.326,171.532,1,-1,-1,-1
561,20,47.308,0.000,547.072,185.770,1,-1,-1,-1
562,18,341.250,123.248,135.545,90.046,1,-1,-1,-1
562,19,-12.949,0.000,614.161,171.765,1,-1,-1,-1
562,20,49.782,0.000,546.837,185.690,1,-1,-1,-1
563,18,341.117,122.825,135.498,90.015,1,-1,-1,-1
563,19,-13.659,0.000,614.996,171.999,1,-1,-1,-1
563,20,52.256,0.000,546.602,185.610,1,-1,-1,-1
564,18,340.983,122.403,135.451,89.984,1,-1,-1,-1
564,19,-14.369,0.000,615.831,172.232,1,-1,-1,-1
564,20,54.730,0.000,546.367,185.531,1,-1,-1,-1
565,18,340.850,121.980,135.404,89.953,1,-1,-1,-1
565,19,-15.079,0.000,616.666,172.466,1,-1,-1,-1
565,20,57.204,0.000,546.132,185.451,1,-1,-1,-1
566,18,340.717,121.557,135.357,89.922,1,-1,-1,-1
566,19,-15.789,0.000,617.501,172.699,1,-1,-1,-1
566,20,59.678,0.000,545.897,185.371,1,-1,-1,-1
567,18,340.584,121.134,135.311,89.890,1,-1,-1,-1
567,19,-16.499,0.000,618.336,172.933,1,-1,-1,-1
567,20,62.152,0.000,545.662,185.291,1,-1,-1,-1
568,18,337.859,121.464,133.766,88.018,1,-1,-1,-1
568,19,-17.209,0.000,619.171,173.166,1,-1,-1,-1
568,20,64.626,0.000,545.427,185.211,1,-1,-1,-1
569,18,337.574,121.101,133.499,87.842,1,-1,-1,-1
569,19,28.539,0.000,546.963,151.164,1,-1,-1,-1
569,20,67.100,0.000,545.191,185.131,1,-1,-1,-1
570,18,338.069,121.172,131.763,85.702,1,-1,-1,-1
570,19,23.406,0.000,563.363,155.424,1,-1,-1,-1
570,20,69.574,0.000,544.956,185.052,1,-1,-1,-1
571,18,337.942,120.853,131.188,85.328,1,-1,-1,-1
571,19,15.074,0.000,584.734,162.043,1,-1,-1,-1
571,20,72.048,0.000,544.721,184.972,1,-1,-1,-1
572,18,336.799,119.994,132.533,85.235,1,-1,-1,-1
572,19,99.525,0.000,601.928,181.682,1,-1,-1,-1
572,20,74.522,0.000,544.486,184.892,1,-1,-1,-1
573,18,336.645,119.615,131.999,84.892,1,-1,-1,-1
573,19,149.169,0.000,599.234,196.396,1,-1,-1,-1
573,20,76.996,0.000,544.251,184.812,1,-1,-1,-1
574,18,336.492,119.236,131.466,84.549,1,-1,-1,-1
574,19,159.279,0.000,612.655,200.796,1,-1,-1,-1
574,20,79.470,0.000,544.016,184.732,1,-1,-1,-1
575,18,336.339,118.857,130.932,84.205,1,-1,-1,-1
575,19,169.390,0.000,626.077,205.195,1,-1,-1,-1
575,20,81.944,0.000,543.781,184.652,1,-1,-1,-1
576,18,336.185,118.478,130.398,83.862,1,-1,-1,-1
576,19,179.500,0.000,639.498,209.595,1,-1,-1,-1
576,20,84.419,0.000,543.546,184.573,1,-1,-1,-1
577,18,336.032,118.100,129.865,83.519,1,-1,-1,-1
577,19,189.611,0.000,652.919,213.994,1,-1,-1,-1
577,20,86.893,0.000,543.311,184.493,1,-1,-1,-1
578,18,335.878,117.721,129.331,83.175,1,-1,-1,-1
578,19,199.721,0.000,666.340,218.394,1,-1,-1,-1
578,20,89.367,0.000,543.075,184.413,1,-1,-1,-1
579,18,335.725,117.342,128.797,82.832,1,-1,-1,-1
579,19,209.832,0.000,679.762,222.793,1,-1,-1,-1
579,20,91.841,0.000,542.840,184.333,1,-1,-1,-1
580,18,335.571,116.963,128.264,82.489,1,-1,-1,-1
580,19,219.942,0.000,693.182,227.193,1,-1,-1,-1
580,20,94.315,0.000,542.605,184.253,1,-1,-1,-1
581,18,335.418,116.584,127.730,82.146,1,-1,-1,-1
581,19,230.053,0.000,706.603,231.592,1,-1,-1,-1
581,20,96.789,0.000,542.370,184.173,1,-1,-1,-1
582,18,335.265,116.205,127.196,81.802,1,-1,-1,-1
582,19,240.164,0.000,720.024,235.992,1,-1,-1,-1
583,18,335.111,115.826,126.663,81.459,1,-1,-1,-1
583,19,250.274,0.000,733.445,240.391,1,-1,-1,-1
584,18,334.958,115.448,126.129,81.116,1,-1,-1,-1
584,19,260.385,0.000,746.866,244.791,1,-1,-1,-1
585,18,334.804,115.069,125.595,80.772,1,-1,-1,-1
585,19,270.496,0.000,760.286,249.190,1,-1,-1,-1
586,18,334.651,114.690,125.062,80.429,1,-1,-1,-1
586,19,280.607,0.000,773.707,253.590,1,-1,-1,-1
587,18,334.498,114.311,124.528,80.086,1,-1,-1,-1
587,19,290.718,0.000,787.127,257.989,1,-1,-1,-1
588,18,334.344,113.932,123.994,79.742,1,-1,-1,-1
588,19,300.829,0.000,800.547,262.389,1,-1,-1,-1
589,18,334.191,113.553,123.461,79.399,1,-1,-1,-1
589,19,310.940,0.000,813.967,266.789,1,-1,-1,-1
590,18,334.037,113.174,122.927,79.056,1,-1,-1,-1
590,19,321.051,0.000,827.387,271.188,1,-1,-1,-1
591,18,333.884,112.796,122.393,78.713,1,-1,-1,-1
591,19,331.162,0.000,840.807,275.588,1,-1,-1,-1
592,18,333.731,112.417,121.860,78.369,1,-1,-1,-1
592,19,341.273,0.000,854.227,279.987,1,-1,-1,-1
593,18,333.577,112.038,121.326,78.026,1,-1,-1,-1
593,19,351.384,0.000,867.647,284.387,1,-1,-1,-1
594,18,333.424,111.659,120.792,77.683,1,-1,-1,-1
594,19,361.495,0.000,881.067,288.786,1,-1,-1,-1
595,18,333.271,111.280,120.259,77.339,1,-1,-1,-1
595,19,371.607,0.000,894.486,293.186,1,-1,-1,-1
596,18,333.117,110.901,119.725,76.996,1,-1,-1,-1
596,19,381.718,0.000,907.906,297.585,1,-1,-1,-1
597,18,332.964,110.522,119.191,76.653,1,-1,-1,-1
597,19,391.829,0.000,921.325,301.985,1,-1,-1,-1
598,18,332.810,110.144,118.658,76.310,1,-1,-1,-1
598,19,401.941,0.000,934.745,306.384,1,-1,-1,-1
599,18,332.657,109.765,118.124,75.966,1,-1,-1,-1
599,19,412.052,0.000,948.164,310.784,1,-1,-1,-1
600,18,332.504,109.386,117.590,75.623,1,-1,-1,-1
600,19,422.164,0.000,961.583,315.183,1,-1,-1,-1
601,18,332.350,109.007,117.057,75.280,1,-1,-1,-1
601,19,432.275,0.000,975.002,319.583,1,-1,-1,-1
602,18,332.197,108.628,116.523,74.936,1,-1,-1,-1
602,19,442.387,0.000,988.421,323.982,1,-1,-1,-1
603,19,452.498,0.000,1001.840,328.382,1,-1,-1,-1
680,22,323.833,135.559,108.368,75.989,1,-1,-1,-1
681,22,323.260,133.643,110.100,77.218,1,-1,-1,-1
682,22,323.191,131.853,111.598,78.332,1,-1,-1,-1
683,22,324.166,130.935,111.649,78.354,1,-1,-1,-1
684,22,325.253,130.672,111.265,78.003,1,-1,-1,-1
685,22,325.530,129.770,112.057,78.443,1,-1,-1,-1
686,22,325.116,127.912,114.044,79.816,1,-1,-1,-1
687,22,325.409,127.649,114.130,79.760,1,-1,-1,-1
688,22,324.524,126.578,115.061,80.312,1,-1,-1,-1
689,22,324.677,125.545,115.669,80.736,1,-1,-1,-1
690,22,325.167,126.324,114.020,79.424,1,-1,-1,-1
691,22,325.425,126.365,113.808,79.099,1,-1,-1,-1
692,22,325.652,125.644,114.034,79.256,1,-1,-1,-1
693,22,325.879,124.923,114.260,79.413,1,-1,-1,-1
694,22,326.105,124.202,114.486,79.570,1,-1,-1,-1
695,22,326.332,123.482,114.712,79.727,1,-1,-1,-1
696,22,326.558,122.761,114.938,79.884,1,-1,-1,-1
697,22,326.785,122.040,115.164,80.041,1,-1,-1,-1
698,22,327.012,121.320,115.391,80.199,1,-1,-1,-1
699,22,327.238,120.599,115.617,80.356,1,-1,-1,-1
700,22,327.465,119.878,115.843,80.513,1,-1,-1,-1
701,22,327.692,119.158,116.069,80.670,1,-1,-1,-1
702,22,327.918,118.437,116.295,80.827,1,-1,-1,-1
703,22,328.145,117.716,116.521,80.984,1,-1,-1,-1
704,22,328.372,116.995,116.747,81.142,1,-1,-1,-1
705,22,328.598,116.275,116.973,81.299,1,-1,-1,-1
706,22,328.825,115.554,117.200,81.456,1,-1,-1,-1
707,22,329.052,114.833,117.426,81.613,1,-1,-1,-1
708,22,329.278,114.113,117.652,81.770,1,-1,-1,-1
709,22,329.505,113.392,117.878,81.927,1,-1,-1,-1
710,22,329.732,112.671,118.104,82.084,1,-1,-1,-1
711,22,329.958,111.950,118.330,82.242,1,-1,-1,-1
712,22,330.185,111.230,118.556,82.399,1,-1,-1,-1
713,22,330.412,110.509,118.782,82.556,1,-1,-1,-1
714,22,330.638,109.788,119.009,82.713,1,-1,-1,-1
715,22,330.865,109.068,119.235,82.870,1,-1,-1,-1
716,22,331.092,108.347,119.461,83.027,1,-1,-1,-1
717,22,331.318,107.626,119.687,83.185,1,-1,-1,-1
718,22,331.545,106.906,119.913,83.342,1,-1,-1,-1
719,22,331.771,106.185,120.139,83.499,1,-1,-1,-1
720,22,331.998,105.464,120.365,83.656,1,-1,-1,-1
721,22,332.225,104.743,120.591,83.813,1,-1,-1,-1
786,25,95.861,24.962,368.201,157.086,1,-1,-1,-1
787,25,99.246,27.477,362.131,154.497,1,-1,-1,-1
788,25,102.630,29.992,356.060,151.907,1,-1,-1,-1
789,25,106.014,32.506,349.990,149.317,1,-1,-1,-1
790,25,109.399,35.021,343.920,146.728,1,-1,-1,-1
791,25,112.783,37.535,337.850,144.138,1,-1,-1,-1
792,25,116.168,40.050,331.780,141.548,1,-1,-1,-1
793,25,119.552,42.565,325.710,138.958,1,-1,-1,-1
794,25,122.936,45.079,319.639,136.369,1,-1,-1,-1
795,25,126.321,47.594,313.569,133.779,1,-1,-1,-1
796,25,129.705,50.108,307.499,131.189,1,-1,-1,-1
797,25,133.089,52.623,301.429,128.599,1,-1,-1,-1
798,25,136.474,55.138,295.359,126.010,1,-1,-1,-1
799,25,139.858,57.652,289.288,123.420,1,-1,-1,-1
800,25,143.243,60.167,283.218,120.830,1,-1,-1,-1
801,25,146.627,62.681,277.148,118.240,1,-1,-1,-1
802,25,150.011,65.196,271.078,115.651,1,-1,-1,-1
803,25,153.396,67.711,265.008,113.061,1,-1,-1,-1
804,25,156.780,70.225,258.938,110.471,1,-1,-1,-1
805,25,160.165,72.740,252.867,107.882,1,-1,-1,-1
806,25,163.549,75.254,246.797,105.292,1,-1,-1,-1
807,25,166.933,77.769,240.727,102.702,1,-1,-1,-1
808,25,10.208,68.409,404.965,172.339,1,-1,-1,-1
809,25,9.231,69.910,404.085,172.228,1,-1,-1,-1
810,25,11.106,71.747,398.763,170.011,1,-1,-1,-1
811,25,10.833,71.362,401.487,171.964,1,-1,-1,-1
812,25,7.798,73.103,402.709,172.487,1,-1,-1,-1
813,25,4.763,74.844,403.930,173.010,1,-1,-1,-1
814,25,1.727,76.585,405.152,173.534,1,-1,-1,-1
815,25,-1.308,78.327,406.374,174.057,1,-1,-1,-1
816,25,-4.343,80.068,407.595,174.580,1,-1,-1,-1
817,25,-7.379,81.809,408.817,175.103,1,-1,-1,-1
818,25,-10.414,83.551,410.039,175.627,1,-1,-1,-1
819,25,-13.449,85.292,411.261,176.150,1,-1,-1,-1
820,25,-16.484,87.033,412.482,176.673,1,-1,-1,-1
821,25,-19.520,88.774,413.704,177.196,1,-1,-1,-1
822,25,-22.555,90.516,414.926,177.720,1,-1,-1,-1
823,25,-25.590,92.257,416.147,178.243,1,-1,-1,-1
