1,1,397.129,211.153,289.338,196.086,1,-1,-1,-1
1,2,435.496,195.577,252.545,106.796,1,-1,-1,-1
2,1,396.917,208.026,290.757,198.459,1,-1,-1,-1
2,2,429.961,195.049,257.408,107.569,1,-1,-1,-1
3,1,398.252,194.460,288.244,197.474,1,-1,-1,-1
4,1,400.589,195.590,289.317,196.040,1,-1,-1,-1
5,1,404.761,202.276,288.692,187.067,1,-1,-1,-1
6,1,406.431,211.685,287.320,182.352,1,-1,-1,-1
7,1,408.999,216.155,291.103,178.710,1,-1,-1,-1
8,1,409.068,218.298,293.932,176.497,1,-1,-1,-1
9,1,407.684,215.541,302.458,173.301,1,-1,-1,-1
10,1,407.297,214.920,313.308,176.602,1,-1,-1,-1
11,1,407.524,211.919,322.412,183.569,1,-1,-1,-1
12,1,406.720,211.815,329.370,189.701,1,-1,-1,-1
13,1,407.300,210.628,333.094,193.649,1,-1,-1,-1
14,1,406.632,209.416,335.593,196.871,1,-1,-1,-1
15,1,408.665,205.644,335.936,199.621,1,-1,-1,-1
16,1,411.970,202.618,334.423,204.296,1,-1,-1,-1
17,1,413.505,198.980,335.647,205.100,1,-1,-1,-1
18,1,413.537,186.306,332.157,190.199,1,-1,-1,-1
19,1,413.503,197.267,328.129,196.148,1,-1,-1,-1
20,1,414.549,204.568,324.358,198.559,1,-1,-1,-1
21,1,414.650,212.794,318.709,195.980,1,-1,-1,-1
22,1,414.109,222.567,311.549,193.696,1,-1,-1,-1
23,1,413.116,223.377,302.125,179.662,1,-1,-1,-1
24,1,412.129,232.536,290.457,180.257,1,-1,-1,-1
25,1,412.184,229.971,277.531,170.709,1,-1,-1,-1
26,1,414.699,231.418,268.138,164.761,1,-1,-1,-1
28,3,419.710,176.601,364.134,192.841,1,-1,-1,-1
29,3,422.946,192.152,359.100,191.262,1,-1,-1,-1
30,3,421.327,201.834,361.432,200.427,1,-1,-1,-1
31,3,420.164,204.014,359.352,205.779,1,-1,-1,-1
32,3,420.895,203.217,356.616,208.808,1,-1,-1,-1
33,3,414.679,213.652,355.760,214.701,1,-1,-1,-1
34,3,458.741,203.952,320.267,182.410,1,-1,-1,-1
35,3,433.443,211.225,321.397,172.154,1,-1,-1,-1
36,3,421.804,215.855,320.299,171.621,1,-1,-1,-1
37,3,402.583,234.593,284.683,162.328,1,-1,-1,-1
38,3,401.460,243.413,259.234,155.078,1,-1,-1,-1
39,3,412.024,244.900,252.568,150.475,1,-1,-1,-1
40,3,419.156,244.069,251.208,149.375,1,-1,-1,-1
43,4,413.258,229.549,270.645,106.624,1,-1,-1,-1
44,4,412.397,228.303,272.240,112.424,1,-1,-1,-1
45,4,407.239,242.346,276.221,124.291,1,-1,-1,-1
46,4,407.849,245.636,276.801,131.155,1,-1,-1,-1
47,4,408.601,247.065,277.376,137.278,1,-1,-1,-1
48,4,407.515,247.836,277.634,143.859,1,-1,-1,-1
49,4,406.735,246.422,276.760,148.949,1,-1,-1,-1
50,4,407.419,244.897,274.768,154.978,1,-1,-1,-1
51,4,408.345,242.664,272.546,158.713,1,-1,-1,-1
52,4,408.381,235.434,268.607,153.047,1,-1,-1,-1
53,4,406.364,244.296,274.906,170.020,1,-1,-1,-1
54,4,405.210,243.590,276.492,182.846,1,-1,-1,-1
55,4,406.076,240.072,278.584,193.845,1,-1,-1,-1
56,4,406.910,235.606,279.535,202.632,1,-1,-1,-1
57,4,407.563,232.236,279.941,208.976,1,-1,-1,-1
58,4,408.841,231.029,281.967,213.204,1,-1,-1,-1
59,4,408.723,233.393,282.621,213.815,1,-1,-1,-1
60,4,410.722,232.157,283.664,211.285,1,-1,-1,-1
61,4,411.418,235.329,284.861,205.405,1,-1,-1,-1
62,4,405.211,228.637,278.351,190.667,1,-1,-1,-1
63,4,410.735,234.017,279.847,188.566,1,-1,-1,-1
64,4,415.565,222.573,284.676,190.188,1,-1,-1,-1
65,4,415.244,227.570,286.381,177.098,1,-1,-1,-1
66,4,414.985,231.315,286.708,164.236,1,-1,-1,-1
67,4,414.802,233.794,287.202,153.492,1,-1,-1,-1
68,4,424.182,235.977,302.314,142.430,1,-1,-1,-1
69,4,425.649,238.563,312.713,135.307,1,-1,-1,-1
70,4,422.430,238.659,318.235,132.306,1,-1,-1,-1
71,4,418.237,240.147,318.426,129.447,1,-1,-1,-1
72,4,414.467,243.096,316.187,126.634,1,-1,-1,-1
73,4,413.551,244.212,311.613,125.024,1,-1,-1,-1
74,4,412.768,245.439,307.344,122.916,1,-1,-1,-1
75,4,412.916,245.966,304.608,123.277,1,-1,-1,-1
76,4,413.050,245.806,301.006,121.789,1,-1,-1,-1
77,4,412.486,245.271,297.073,121.253,1,-1,-1,-1
78,4,411.703,246.655,294.170,121.210,1,-1,-1,-1
79,4,411.150,247.558,290.716,122.471,1,-1,-1,-1
80,4,409.501,248.295,287.571,124.899,1,-1,-1,-1
81,4,409.840,248.010,285.245,124.780,1,-1,-1,-1
82,4,409.112,247.028,282.502,125.309,1,-1,-1,-1
83,4,407.473,246.029,278.845,124.940,1,-1,-1,-1
84,4,402.961,246.069,276.727,124.846,1,-1,-1,-1
85,4,399.341,247.123,274.594,124.833,1,-1,-1,-1
86,4,397.292,246.715,272.549,124.882,1,-1,-1,-1
87,4,396.983,246.617,271.206,125.370,1,-1,-1,-1
88,4,394.612,246.733,268.679,125.315,1,-1,-1,-1
89,4,392.008,246.829,265.824,125.913,1,-1,-1,-1
90,4,389.126,248.411,263.371,125.731,1,-1,-1,-1
91,4,387.241,247.868,262.473,126.587,1,-1,-1,-1
92,4,377.975,251.381,250.156,126.260,1,-1,-1,-1
93,4,376.651,252.844,241.141,126.404,1,-1,-1,-1
94,4,379.531,251.437,238.722,127.950,1,-1,-1,-1
95,4,380.006,250.421,242.092,129.385,1,-1,-1,-1
99,4,378.291,243.695,246.959,135.564,1,-1,-1,-1
100,4,377.308,243.064,247.434,136.607,1,-1,-1,-1
101,4,376.386,242.616,247.503,137.452,1,-1,-1,-1
102,4,375.811,242.810,245.874,137.604,1,-1,-1,-1
103,4,375.095,242.860,244.723,137.863,1,-1,-1,-1
104,4,376.686,242.489,241.235,136.923,1,-1,-1,-1
105,4,375.010,240.171,240.806,131.649,1,-1,-1,-1
106,4,374.644,238.088,239.597,123.033,1,-1,-1,-1
107,4,375.690,237.779,237.090,115.160,1,-1,-1,-1
108,4,381.434,239.491,231.162,109.155,1,-1,-1,-1
109,4,385.940,242.094,223.712,105.854,1,-1,-1,-1
110,4,386.550,243.988,219.484,104.754,1,-1,-1,-1
111,4,387.627,244.202,217.032,104.432,1,-1,-1,-1
112,4,388.849,241.421,215.932,105.489,1,-1,-1,-1
113,4,389.282,239.480,214.578,107.186,1,-1,-1,-1
114,4,389.152,238.978,214.363,109.115,1,-1,-1,-1
115,4,388.194,236.972,214.526,112.032,1,-1,-1,-1
116,4,386.350,236.283,214.848,115.922,1,-1,-1,-1
117,4,385.748,235.316,215.121,119.070,1,-1,-1,-1
123,5,380.689,232.613,223.793,136.036,1,-1,-1,-1
124,5,378.899,235.071,227.490,142.826,1,-1,-1,-1
125,5,376.424,234.442,230.479,153.018,1,-1,-1,-1
129,5,371.205,224.359,222.031,170.643,1,-1,-1,-1
130,5,374.675,218.222,219.340,170.534,1,-1,-1,-1
131,5,377.306,213.750,216.352,169.220,1,-1,-1,-1
132,5,377.867,208.309,215.463,169.188,1,-1,-1,-1
133,5,378.428,206.041,213.930,165.032,1,-1,-1,-1
134,5,379.849,204.841,212.983,161.345,1,-1,-1,-1
135,5,380.827,204.987,212.037,158.430,1,-1,-1,-1
136,5,383.566,203.034,215.880,158.307,1,-1,-1,-1
137,5,391.607,197.821,229.907,161.863,1,-1,-1,-1
141,5,392.523,194.744,264.293,163.495,1,-1,-1,-1
142,5,391.060,193.758,268.881,163.104,1,-1,-1,-1
143,5,389.227,192.288,269.307,162.269,1,-1,-1,-1
144,5,387.944,191.985,265.852,160.964,1,-1,-1,-1
145,5,386.815,193.184,262.690,157.353,1,-1,-1,-1
146,5,387.137,196.241,258.930,153.637,1,-1,-1,-1
147,5,387.800,197.763,255.426,150.469,1,-1,-1,-1
148,5,387.724,196.947,249.830,147.195,1,-1,-1,-1
149,5,385.587,194.053,242.897,144.435,1,-1,-1,-1
150,5,384.796,188.486,235.734,139.184,1,-1,-1,-1
151,5,384.505,187.685,228.636,135.948,1,-1,-1,-1
152,5,385.026,187.374,222.226,132.944,1,-1,-1,-1
153,5,386.751,188.003,217.302,131.044,1,-1,-1,-1
154,5,387.794,188.359,214.235,129.372,1,-1,-1,-1
155,5,388.008,188.718,211.233,128.303,1,-1,-1,-1
156,5,388.277,188.880,208.411,128.284,1,-1,-1,-1
157,5,389.260,186.660,206.830,124.882,1,-1,-1,-1
158,5,389.055,191.665,205.815,127.565,1,-1,-1,-1
159,5,388.971,192.890,205.235,129.645,1,-1,-1,-1
160,5,389.440,194.261,205.496,131.321,1,-1,-1,-1
161,5,390.707,195.379,205.907,132.983,1,-1,-1,-1
162,5,390.131,197.384,207.170,139.202,1,-1,-1,-1
163,5,390.456,199.284,207.492,144.352,1,-1,-1,-1
164,5,391.334,197.627,206.242,144.779,1,-1,-1,-1
165,5,392.059,198.543,205.976,147.408,1,-1,-1,-1
166,5,389.983,202.633,205.804,156.070,1,-1,-1,-1
167,5,391.307,195.888,204.053,151.551,1,-1,-1,-1
176,6,402.303,191.219,195.854,167.746,1,-1,-1,-1
177,6,402.520,192.043,196.292,164.761,1,-1,-1,-1
178,6,402.406,191.479,197.279,159.702,1,-1,-1,-1
179,6,403.553,190.047,196.534,151.325,1,-1,-1,-1
180,6,408.316,189.993,200.017,145.440,1,-1,-1,-1
184,6,408.818,186.463,228.102,137.351,1,-1,-1,-1
185,6,411.322,183.862,231.118,135.600,1,-1,-1,-1
186,6,413.016,185.264,232.599,134.763,1,-1,-1,-1
187,6,413.025,182.186,234.006,134.461,1,-1,-1,-1
188,6,411.644,182.252,235.546,134.977,1,-1,-1,-1
189,6,410.712,182.561,236.306,134.774,1,-1,-1,-1
190,6,410.114,182.164,235.499,133.759,1,-1,-1,-1
191,6,409.526,181.631,234.086,132.997,1,-1,-1,-1
192,6,408.790,181.295,232.936,132.459,1,-1,-1,-1
193,6,407.477,180.529,231.870,132.051,1,-1,-1,-1
194,6,406.317,181.064,229.997,131.031,1,-1,-1,-1
195,6,406.204,181.514,228.964,130.215,1,-1,-1,-1
196,6,405.075,181.604,228.365,129.805,1,-1,-1,-1
197,6,403.598,181.561,227.108,129.815,1,-1,-1,-1
198,6,402.227,182.430,226.252,129.920,1,-1,-1,-1
199,6,401.563,183.164,226.081,130.390,1,-1,-1,-1
200,6,401.197,184.988,226.769,131.553,1,-1,-1,-1
201,6,400.651,185.617,227.568,132.210,1,-1,-1,-1
202,6,401.478,185.998,227.109,131.893,1,-1,-1,-1
203,6,402.680,187.217,226.144,132.037,1,-1,-1,-1
204,6,403.292,186.212,226.234,131.533,1,-1,-1,-1
205,6,402.926,184.851,227.222,133.261,1,-1,-1,-1
206,6,402.766,186.207,226.748,135.711,1,-1,-1,-1
207,6,404.244,186.961,225.629,136.470,1,-1,-1,-1
208,6,404.602,187.976,224.498,138.707,1,-1,-1,-1
209,6,405.886,188.337,222.723,140.772,1,-1,-1,-1
210,6,407.935,188.125,220.148,142.141,1,-1,-1,-1
211,6,408.944,188.639,218.335,143.817,1,-1,-1,-1
212,6,409.099,187.893,217.309,144.407,1,-1,-1,-1
213,6,409.531,191.002,217.090,148.276,1,-1,-1,-1
214,6,409.708,190.669,216.849,151.158,1,-1,-1,-1
215,6,409.728,190.378,216.931,153.437,1,-1,-1,-1
216,6,409.275,188.819,217.351,157.077,1,-1,-1,-1
217,6,408.858,187.895,217.697,160.389,1,-1,-1,-1
218,6,408.893,186.440,217.750,162.396,1,-1,-1,-1
219,6,408.905,184.947,217.948,164.570,1,-1,-1,-1
220,6,409.458,185.198,217.954,164.239,1,-1,-1,-1
221,6,409.624,185.658,218.234,164.538,1,-1,-1,-1
222,6,410.084,186.683,218.281,165.514,1,-1,-1,-1
223,6,410.956,187.447,218.122,166.282,1,-1,-1,-1
224,6,414.306,187.247,216.729,168.019,1,-1,-1,-1
225,6,417.314,188.397,213.998,166.841,1,-1,-1,-1
226,6,420.567,189.154,211.867,168.107,1,-1,-1,-1
227,6,422.780,190.718,209.842,168.254,1,-1,-1,-1
228,6,422.751,192.790,208.712,168.301,1,-1,-1,-1
229,6,424.332,192.289,208.072,168.763,1,-1,-1,-1
230,6,425.081,193.277,207.294,168.442,1,-1,-1,-1
231,6,425.095,194.568,206.986,169.061,1,-1,-1,-1
232,6,423.987,194.788,207.091,170.346,1,-1,-1,-1
233,6,424.075,195.228,207.086,171.067,1,-1,-1,-1
234,6,424.965,195.656,206.651,171.124,1,-1,-1,-1
235,6,425.327,196.593,206.195,170.850,1,-1,-1,-1
236,6,425.766,197.020,206.027,171.624,1,-1,-1,-1
237,6,426.027,196.763,205.683,172.336,1,-1,-1,-1
238,6,426.324,197.297,205.894,173.695,1,-1,-1,-1
239,6,427.115,197.781,204.188,172.784,1,-1,-1,-1
240,6,428.201,197.896,205.346,173.398,1,-1,-1,-1
241,6,428.389,198.024,206.228,173.377,1,-1,-1,-1
242,6,429.357,198.402,207.597,173.498,1,-1,-1,-1
243,6,429.467,198.351,208.683,173.740,1,-1,-1,-1
244,6,429.986,198.583,208.948,173.224,1,-1,-1,-1
245,6,429.830,198.721,208.602,171.868,1,-1,-1,-1
246,6,430.281,199.645,208.651,171.796,1,-1,-1,-1
247,6,431.078,201.563,208.927,170.511,1,-1,-1,-1
248,6,431.466,204.165,209.029,168.840,1,-1,-1,-1
249,6,430.878,207.717,209.554,167.594,1,-1,-1,-1
250,6,430.365,208.868,210.124,167.131,1,-1,-1,-1
251,6,430.791,210.626,210.582,166.236,1,-1,-1,-1
252,6,431.189,211.900,211.421,166.127,1,-1,-1,-1
253,6,431.095,213.502,211.584,165.827,1,-1,-1,-1
254,6,430.666,215.574,212.800,166.138,1,-1,-1,-1
255,6,429.959,216.955,213.372,166.750,1,-1,-1,-1
256,6,429.537,217.543,213.393,167.067,1,-1,-1,-1
257,6,429.625,217.878,213.011,167.768,1,-1,-1,-1
258,6,429.675,219.727,212.518,168.708,1,-1,-1,-1
369,10,0.773,-0.506,204.781,93.702,1,-1,-1,-1
371,11,444.264,231.526,205.756,142.970,1,-1,-1,-1
372,11,444.884,231.566,204.715,142.257,1,-1,-1,-1
376,11,450.077,228.404,203.168,144.372,1,-1,-1,-1
377,11,450.498,228.019,204.578,148.170,1,-1,-1,-1
408,13,453.260,225.351,178.847,124.727,1,-1,-1,-1
409,13,449.914,223.733,181.329,124.414,1,-1,-1,-1
410,13,448.884,224.299,186.632,126.779,1,-1,-1,-1
411,13,447.113,223.493,190.967,128.747,1,-1,-1,-1
412,13,445.794,223.050,193.940,129.865,1,-1,-1,-1
413,13,442.314,223.000,196.437,130.956,1,-1,-1,-1
414,13,438.861,222.457,199.110,132.395,1,-1,-1,-1
415,13,435.920,221.753,201.171,133.155,1,-1,-1,-1
416,13,433.748,220.985,202.611,133.914,1,-1,-1,-1
417,13,431.530,220.426,202.001,134.128,1,-1,-1,-1
418,13,430.679,219.852,202.099,134.955,1,-1,-1,-1
419,13,429.863,219.807,202.001,136.027,1,-1,-1,-1
420,13,429.968,220.224,201.908,136.703,1,-1,-1,-1
421,13,427.559,218.561,203.540,138.523,1,-1,-1,-1
451,16,422.556,210.370,193.841,131.077,1,-1,-1,-1
452,16,422.943,210.722,198.861,135.912,1,-1,-1,-1
453,16,423.004,210.589,204.266,141.380,1,-1,-1,-1
454,16,420.631,211.956,208.911,147.489,1,-1,-1,-1
455,16,420.585,209.663,210.602,150.358,1,-1,-1,-1
456,16,417.183,211.209,211.281,153.735,1,-1,-1,-1
457,16,413.351,210.579,215.341,158.535,1,-1,-1,-1
493,17,342.117,197.239,275.891,183.106,1,-1,-1,-1
549,20,351.631,192.119,241.785,205.300,1,-1,-1,-1
550,20,348.956,192.185,242.030,205.108,1,-1,-1,-1
551,20,347.127,192.891,242.772,205.553,1,-1,-1,-1
552,20,351.415,193.940,240.516,207.597,1,-1,-1,-1
553,20,350.766,194.966,237.906,209.274,1,-1,-1,-1
554,20,347.419,193.873,237.651,212.700,1,-1,-1,-1
555,20,346.921,193.902,236.884,215.968,1,-1,-1,-1
556,20,347.924,193.889,235.580,218.410,1,-1,-1,-1
557,20,348.484,193.858,234.691,221.034,1,-1,-1,-1
558,20,348.870,194.374,233.569,222.753,1,-1,-1,-1
559,20,350.268,195.285,233.018,224.250,1,-1,-1,-1
611,23,255.672,128.479,347.884,304.621,1,-1,-1,-1
612,23,259.438,128.821,343.413,296.115,1,-1,-1,-1
613,23,261.353,131.307,339.509,289.289,1,-1,-1,-1
614,23,262.164,134.464,337.388,285.911,1,-1,-1,-1
666,24,45.457,40.681,454.773,202.111,1,-1,-1,-1
667,24,45.429,41.529,454.301,201.366,1,-1,-1,-1
668,24,44.596,47.855,456.531,203.245,1,-1,-1,-1
669,24,44.043,45.865,458.790,205.156,1,-1,-1,-1
