1,1,420.436,43.184,162.372,156.462,1,-1,-1,-1
2,1,409.538,37.911,169.439,160.222,1,-1,-1,-1
3,1,408.220,36.947,171.120,161.165,1,-1,-1,-1
4,1,402.187,37.600,173.306,162.008,1,-1,-1,-1
5,1,394.678,32.705,174.880,165.126,1,-1,-1,-1
6,1,384.665,28.606,176.378,168.799,1,-1,-1,-1
7,1,377.435,23.387,179.280,174.311,1,-1,-1,-1
8,1,372.000,19.581,180.432,177.549,1,-1,-1,-1
9,1,370.381,17.890,180.851,179.537,1,-1,-1,-1
10,1,367.834,13.116,181.840,182.598,1,-1,-1,-1
11,1,363.523,10.447,182.483,185.384,1,-1,-1,-1
12,1,357.599,7.919,182.986,188.106,1,-1,-1,-1
13,1,351.710,6.862,184.399,190.264,1,-1,-1,-1
14,1,348.368,14.679,184.856,186.177,1,-1,-1,-1
15,1,347.352,21.585,184.938,181.028,1,-1,-1,-1
16,1,345.839,26.475,185.602,176.367,1,-1,-1,-1
17,1,344.253,31.871,186.915,169.835,1,-1,-1,-1
18,1,344.028,34.753,188.522,166.181,1,-1,-1,-1
19,1,341.011,40.652,191.458,161.848,1,-1,-1,-1
20,1,341.511,43.423,192.336,159.466,1,-1,-1,-1
21,1,351.674,44.871,185.659,156.894,1,-1,-1,-1
22,1,340.427,42.047,191.085,157.604,1,-1,-1,-1
22,5,605.705,16.373,44.148,47.447,1,-1,-1,-1
23,1,332.520,39.894,196.796,158.440,1,-1,-1,-1
23,5,605.374,13.977,44.715,49.258,1,-1,-1,-1
24,1,326.913,31.962,202.625,162.168,1,-1,-1,-1
24,5,606.079,12.057,44.254,50.070,1,-1,-1,-1
25,1,322.415,27.125,207.775,165.393,1,-1,-1,-1
25,5,609.132,10.101,42.887,49.190,1,-1,-1,-1
26,1,319.445,17.313,212.439,172.268,1,-1,-1,-1
26,5,610.166,5.968,43.000,50.166,1,-1,-1,-1
27,1,317.732,11.569,215.671,177.720,1,-1,-1,-1
27,5,610.506,4.386,43.042,50.812,1,-1,-1,-1
28,1,315.712,5.930,218.606,182.802,1,-1,-1,-1
28,5,610.690,2.056,43.418,51.806,1,-1,-1,-1
28,7,376.909,340.732,78.383,78.958,1,-1,-1,-1
29,1,313.273,3.024,221.789,186.702,1,-1,-1,-1
29,7,373.521,341.307,77.972,80.368,1,-1,-1,-1
30,1,311.247,1.216,224.473,189.371,1,-1,-1,-1
30,7,371.974,342.387,72.844,76.706,1,-1,-1,-1
31,1,310.123,0.327,226.133,191.527,1,-1,-1,-1
32,1,308.729,-0.473,227.825,192.871,1,-1,-1,-1
33,1,307.874,-0.965,229.025,193.793,1,-1,-1,-1
34,1,304.694,-1.623,231.575,193.957,1,-1,-1,-1
35,1,302.052,-1.884,233.199,193.984,1,-1,-1,-1
36,1,298.748,-1.972,235.862,193.994,1,-1,-1,-1
37,1,296.479,-2.043,238.122,193.863,1,-1,-1,-1
38,1,295.877,-2.139,239.479,193.529,1,-1,-1,-1
39,1,295.990,-2.182,240.177,193.101,1,-1,-1,-1
40,1,295.916,-1.423,240.750,192.287,1,-1,-1,-1
41,1,328.079,-1.842,222.332,191.371,1,-1,-1,-1
42,1,343.158,-2.237,208.863,189.884,1,-1,-1,-1
43,1,350.551,0.958,199.220,187.171,1,-1,-1,-1
44,1,352.673,0.727,193.831,186.496,1,-1,-1,-1
45,1,354.273,1.293,190.004,185.704,1,-1,-1,-1
46,1,353.399,0.071,188.390,185.508,1,-1,-1,-1
47,1,352.444,-0.283,187.163,183.838,1,-1,-1,-1
48,1,350.358,1.022,187.180,183.264,1,-1,-1,-1
49,1,347.876,0.483,187.550,181.257,1,-1,-1,-1
50,1,318.236,-0.576,203.521,181.409,1,-1,-1,-1
51,1,308.709,-0.914,212.488,181.496,1,-1,-1,-1
52,1,294.166,2.574,224.206,176.852,1,-1,-1,-1
53,1,280.024,0.753,234.878,175.021,1,-1,-1,-1
54,1,272.205,-0.885,241.440,174.390,1,-1,-1,-1
55,1,268.091,2.643,244.084,170.950,1,-1,-1,-1
56,1,264.305,5.437,245.014,167.876,1,-1,-1,-1
57,1,261.661,6.584,245.862,167.385,1,-1,-1,-1
58,1,260.613,7.043,246.492,167.105,1,-1,-1,-1
59,1,261.089,6.973,244.796,166.279,1,-1,-1,-1
71,11,299.398,8.709,172.563,167.433,1,-1,-1,-1
78,12,313.070,26.132,155.246,152.991,1,-1,-1,-1
82,12,304.034,38.579,147.638,135.846,1,-1,-1,-1
83,12,301.676,40.430,148.554,134.010,1,-1,-1,-1
84,12,298.861,38.002,148.994,135.030,1,-1,-1,-1
85,12,293.347,36.489,151.527,136.804,1,-1,-1,-1
86,12,289.811,35.000,154.510,138.241,1,-1,-1,-1
87,12,284.809,35.773,157.375,142.750,1,-1,-1,-1
88,12,282.736,35.346,159.055,145.674,1,-1,-1,-1
93,16,575.171,271.790,214.980,207.506,1,-1,-1,-1
94,16,574.578,271.835,212.986,207.110,1,-1,-1,-1
94,17,261.418,40.019,166.219,136.397,1,-1,-1,-1
95,17,256.632,39.997,168.170,136.342,1,-1,-1,-1
96,17,253.609,42.042,168.392,134.579,1,-1,-1,-1
98,16,563.458,268.465,213.055,211.153,1,-1,-1,-1
98,21,327.545,395.605,70.290,82.955,1,-1,-1,-1
99,16,559.523,261.664,214.347,215.812,1,-1,-1,-1
100,17,239.041,43.719,176.078,141.784,1,-1,-1,-1
101,17,236.741,43.554,175.714,140.264,1,-1,-1,-1
102,17,233.243,43.567,176.311,138.239,1,-1,-1,-1
103,17,229.171,45.587,177.938,138.395,1,-1,-1,-1
104,17,225.354,46.122,179.296,137.960,1,-1,-1,-1
105,17,223.433,47.446,180.478,138.352,1,-1,-1,-1
106,17,222.465,48.038,181.502,138.927,1,-1,-1,-1
107,17,222.853,48.442,181.440,138.952,1,-1,-1,-1
108,17,222.112,48.887,181.701,140.257,1,-1,-1,-1
109,17,219.592,49.583,183.288,142.373,1,-1,-1,-1
110,17,217.285,49.474,184.121,143.325,1,-1,-1,-1
111,17,215.314,50.453,184.558,144.768,1,-1,-1,-1
112,17,214.267,50.722,184.718,145.495,1,-1,-1,-1
113,17,211.319,50.653,185.312,145.047,1,-1,-1,-1
114,17,206.068,51.398,186.655,145.465,1,-1,-1,-1
115,17,202.346,52.520,187.452,145.734,1,-1,-1,-1
116,17,198.870,54.559,188.715,146.318,1,-1,-1,-1
117,17,197.628,57.132,188.934,147.248,1,-1,-1,-1
118,17,197.506,56.824,189.081,146.038,1,-1,-1,-1
118,24,530.316,280.679,265.930,200.121,1,-1,-1,-1
119,24,528.809,282.299,263.990,198.387,1,-1,-1,-1
120,24,527.840,287.042,263.919,194.796,1,-1,-1,-1
121,24,524.338,285.399,264.931,195.174,1,-1,-1,-1
122,17,192.410,58.464,190.010,147.859,1,-1,-1,-1
122,24,521.014,284.783,265.731,195.384,1,-1,-1,-1
123,17,190.302,58.277,191.305,149.143,1,-1,-1,-1
123,24,519.032,284.400,267.678,195.737,1,-1,-1,-1
124,17,189.143,57.877,192.504,150.203,1,-1,-1,-1
124,24,517.827,284.427,268.687,195.758,1,-1,-1,-1
125,17,189.555,60.546,191.531,150.812,1,-1,-1,-1
125,24,516.150,282.112,269.749,197.276,1,-1,-1,-1
126,17,191.414,62.650,189.387,150.634,1,-1,-1,-1
126,24,513.301,285.496,262.764,194.868,1,-1,-1,-1
126,26,384.615,132.642,30.293,28.465,1,-1,-1,-1
127,17,189.405,62.952,189.081,150.710,1,-1,-1,-1
127,26,384.744,132.899,30.752,29.521,1,-1,-1,-1
128,17,191.746,64.705,185.982,149.298,1,-1,-1,-1
128,26,384.797,132.909,30.906,30.499,1,-1,-1,-1
129,17,189.585,64.142,186.844,149.652,1,-1,-1,-1
130,17,188.642,63.872,187.450,149.881,1,-1,-1,-1
131,17,189.934,64.282,188.051,148.456,1,-1,-1,-1
132,17,199.384,65.052,184.287,147.910,1,-1,-1,-1
133,17,197.773,63.822,187.498,148.979,1,-1,-1,-1
134,17,207.610,63.612,186.622,149.414,1,-1,-1,-1
135,17,222.146,65.098,180.420,148.633,1,-1,-1,-1
136,17,220.230,64.223,183.990,149.303,1,-1,-1,-1
137,17,212.254,61.084,194.853,150.855,1,-1,-1,-1
138,17,205.033,57.346,199.891,153.538,1,-1,-1,-1
139,17,203.742,58.096,203.962,154.470,1,-1,-1,-1
139,29,514.029,272.729,227.834,205.217,1,-1,-1,-1
140,17,202.161,55.852,207.474,155.749,1,-1,-1,-1
140,29,514.165,272.059,223.615,205.677,1,-1,-1,-1
141,17,201.117,56.714,210.321,155.294,1,-1,-1,-1
141,29,515.421,271.194,224.179,207.262,1,-1,-1,-1
142,17,200.275,56.995,212.217,155.010,1,-1,-1,-1
142,29,516.194,271.052,224.368,208.006,1,-1,-1,-1
143,17,200.054,57.052,215.237,155.163,1,-1,-1,-1
144,17,200.692,55.076,219.313,157.148,1,-1,-1,-1
145,17,199.958,53.533,222.520,159.443,1,-1,-1,-1
146,17,203.450,54.474,234.568,162.879,1,-1,-1,-1
147,17,211.966,53.034,232.099,165.159,1,-1,-1,-1
148,17,205.333,52.822,238.017,166.784,1,-1,-1,-1
149,17,204.833,52.312,245.642,168.584,1,-1,-1,-1
149,30,494.618,5.140,29.665,41.294,1,-1,-1,-1
150,17,212.576,51.761,243.155,169.621,1,-1,-1,-1
150,30,499.087,8.924,29.617,39.536,1,-1,-1,-1
151,17,229.697,52.225,232.570,169.564,1,-1,-1,-1
151,30,504.459,11.528,29.739,39.241,1,-1,-1,-1
152,30,508.349,14.793,30.258,38.272,1,-1,-1,-1
153,30,510.732,16.785,31.059,38.409,1,-1,-1,-1
154,30,511.221,17.412,31.686,38.414,1,-1,-1,-1
155,30,512.392,19.642,31.966,38.189,1,-1,-1,-1
156,30,513.705,22.725,31.854,38.672,1,-1,-1,-1
157,30,516.651,23.989,32.315,39.550,1,-1,-1,-1
158,30,521.438,26.679,31.472,38.863,1,-1,-1,-1
159,30,524.429,28.129,31.114,38.677,1,-1,-1,-1
160,30,525.583,29.732,30.671,37.646,1,-1,-1,-1
161,30,526.445,30.765,30.179,37.428,1,-1,-1,-1
162,30,527.986,32.507,29.597,37.626,1,-1,-1,-1
163,30,531.350,33.623,29.388,37.954,1,-1,-1,-1
164,30,535.691,34.467,29.082,37.992,1,-1,-1,-1
165,30,540.915,37.580,29.851,37.274,1,-1,-1,-1
166,30,542.596,38.946,30.395,36.657,1,-1,-1,-1
166,32,586.068,266.078,228.148,215.725,1,-1,-1,-1
167,32,596.851,268.749,224.935,212.414,1,-1,-1,-1
179,34,381.124,87.891,135.007,127.200,1,-1,-1,-1
180,34,389.197,88.202,128.556,125.272,1,-1,-1,-1
181,34,395.118,85.852,124.803,125.504,1,-1,-1,-1
185,34,415.942,77.915,114.192,120.167,1,-1,-1,-1
186,34,419.598,75.969,113.588,120.390,1,-1,-1,-1
187,34,422.475,76.915,113.323,121.087,1,-1,-1,-1
188,34,426.085,76.750,113.024,121.971,1,-1,-1,-1
188,38,329.183,328.545,33.186,28.422,1,-1,-1,-1
189,34,430.375,74.597,113.031,123.245,1,-1,-1,-1
189,38,333.280,328.461,35.368,29.540,1,-1,-1,-1
190,34,431.962,73.553,112.776,124.099,1,-1,-1,-1
190,38,334.111,328.388,36.427,29.867,1,-1,-1,-1
191,34,434.544,73.529,112.723,125.282,1,-1,-1,-1
192,34,437.663,74.544,112.130,127.491,1,-1,-1,-1
206,43,418.092,83.590,136.896,195.306,1,-1,-1,-1
212,45,410.961,84.969,135.412,190.025,1,-1,-1,-1
213,46,334.512,363.921,36.709,42.235,1,-1,-1,-1
214,44,682.388,211.812,171.280,268.716,1,-1,-1,-1
214,46,334.470,365.112,37.038,41.536,1,-1,-1,-1
215,46,334.594,367.956,36.040,39.830,1,-1,-1,-1
216,46,338.519,372.279,34.214,40.490,1,-1,-1,-1
219,45,423.775,75.477,133.946,169.833,1,-1,-1,-1
220,45,425.034,76.857,133.168,161.466,1,-1,-1,-1
221,45,426.860,83.769,136.287,173.962,1,-1,-1,-1
222,45,434.501,78.014,136.137,167.873,1,-1,-1,-1
223,45,441.837,77.570,134.048,159.603,1,-1,-1,-1
224,45,442.990,79.093,135.498,155.922,1,-1,-1,-1
225,45,448.095,81.611,138.037,154.019,1,-1,-1,-1
226,45,449.480,82.805,139.814,152.345,1,-1,-1,-1
227,45,453.419,85.079,141.543,151.829,1,-1,-1,-1
228,45,461.148,87.570,141.928,150.609,1,-1,-1,-1
229,45,466.450,89.398,141.039,150.340,1,-1,-1,-1
230,45,462.703,121.288,157.343,189.758,1,-1,-1,-1
231,45,469.992,100.930,155.929,178.403,1,-1,-1,-1
232,45,473.078,94.976,154.923,170.465,1,-1,-1,-1
233,45,478.593,95.324,155.702,167.989,1,-1,-1,-1
234,45,483.277,100.130,156.050,164.922,1,-1,-1,-1
235,45,483.681,103.459,151.680,161.892,1,-1,-1,-1
236,45,490.209,106.049,151.210,159.870,1,-1,-1,-1
237,45,492.764,112.346,150.864,170.015,1,-1,-1,-1
238,45,493.667,112.296,150.779,178.381,1,-1,-1,-1
239,45,496.668,106.182,151.004,172.871,1,-1,-1,-1
240,45,497.520,105.353,149.105,169.575,1,-1,-1,-1
241,45,499.803,108.830,147.815,168.453,1,-1,-1,-1
242,45,506.528,111.192,151.179,168.658,1,-1,-1,-1
243,45,511.905,113.993,154.132,168.721,1,-1,-1,-1
244,45,513.070,114.956,156.617,168.963,1,-1,-1,-1
245,45,514.635,117.172,154.714,166.889,1,-1,-1,-1
246,45,515.389,131.109,155.907,180.351,1,-1,-1,-1
247,45,522.230,125.064,157.699,177.596,1,-1,-1,-1
248,45,529.762,125.349,161.454,177.469,1,-1,-1,-1
249,45,536.038,126.447,167.289,176.339,1,-1,-1,-1
250,45,537.038,127.422,171.671,175.878,1,-1,-1,-1
251,45,539.649,129.960,176.375,175.406,1,-1,-1,-1
252,45,540.383,132.461,180.408,175.971,1,-1,-1,-1
253,45,541.151,133.293,182.520,176.360,1,-1,-1,-1
254,45,538.606,134.257,184.525,180.780,1,-1,-1,-1
255,45,540.237,131.426,184.737,182.786,1,-1,-1,-1
256,45,540.454,130.413,183.572,184.701,1,-1,-1,-1
257,45,540.877,129.699,182.531,186.052,1,-1,-1,-1
258,45,542.325,129.272,179.018,187.813,1,-1,-1,-1
259,45,544.715,127.968,174.343,189.083,1,-1,-1,-1
260,45,547.802,129.551,168.647,190.215,1,-1,-1,-1
261,45,552.164,127.963,161.306,190.688,1,-1,-1,-1
262,45,556.554,128.755,154.259,189.982,1,-1,-1,-1
263,45,559.285,128.973,149.204,189.549,1,-1,-1,-1
264,45,564.164,129.634,143.591,188.308,1,-1,-1,-1
265,45,570.675,129.513,138.505,185.537,1,-1,-1,-1
266,45,576.625,129.756,133.908,181.351,1,-1,-1,-1
267,45,581.926,129.268,130.294,175.189,1,-1,-1,-1
268,45,587.960,127.260,127.788,169.948,1,-1,-1,-1
269,45,590.658,127.357,125.938,166.147,1,-1,-1,-1
270,45,594.311,128.031,124.502,162.816,1,-1,-1,-1
271,45,599.932,132.463,123.466,160.412,1,-1,-1,-1
272,45,604.747,134.470,123.221,158.790,1,-1,-1,-1
273,45,607.327,136.478,123.476,158.752,1,-1,-1,-1
274,45,610.632,136.209,124.080,158.649,1,-1,-1,-1
275,45,611.548,136.200,124.392,158.457,1,-1,-1,-1
276,45,613.201,135.566,124.844,158.713,1,-1,-1,-1
277,45,614.639,133.504,124.915,160.571,1,-1,-1,-1
278,45,615.797,131.850,125.191,161.923,1,-1,-1,-1
279,45,616.556,131.289,125.413,163.044,1,-1,-1,-1
280,45,618.236,130.897,126.356,163.973,1,-1,-1,-1
281,45,618.381,130.599,127.108,164.579,1,-1,-1,-1
282,45,619.974,128.340,127.338,162.480,1,-1,-1,-1
283,45,625.629,128.647,129.502,161.893,1,-1,-1,-1
284,45,627.735,129.546,130.438,162.545,1,-1,-1,-1
288,45,631.204,124.673,137.535,166.184,1,-1,-1,-1
289,45,633.033,124.161,138.659,165.917,1,-1,-1,-1
290,45,633.144,126.892,139.163,169.210,1,-1,-1,-1
291,45,633.852,125.635,141.090,167.606,1,-1,-1,-1
292,45,633.229,125.278,142.657,167.717,1,-1,-1,-1
293,45,632.654,125.457,143.693,167.483,1,-1,-1,-1
294,45,631.960,125.091,143.624,167.111,1,-1,-1,-1
295,45,630.337,124.475,144.504,167.717,1,-1,-1,-1
296,45,628.916,123.650,145.121,167.640,1,-1,-1,-1
297,45,626.477,125.505,145.839,169.302,1,-1,-1,-1
298,45,625.834,126.131,144.938,169.117,1,-1,-1,-1
299,45,625.468,126.697,144.329,168.738,1,-1,-1,-1
300,45,626.844,127.091,146.020,167.696,1,-1,-1,-1
301,45,628.217,126.898,148.407,167.152,1,-1,-1,-1
302,45,625.451,128.037,147.975,166.176,1,-1,-1,-1
303,45,624.194,127.580,149.628,166.630,1,-1,-1,-1
304,45,624.069,128.207,151.416,166.370,1,-1,-1,-1
305,45,623.669,128.549,152.639,166.262,1,-1,-1,-1
306,45,623.008,132.234,150.420,166.125,1,-1,-1,-1
312,56,617.405,136.129,162.197,171.337,1,-1,-1,-1
313,56,613.031,135.435,165.518,173.881,1,-1,-1,-1
314,56,608.623,134.817,168.337,175.361,1,-1,-1,-1
315,56,605.557,134.663,173.957,180.999,1,-1,-1,-1
316,56,610.757,135.240,174.350,185.059,1,-1,-1,-1
317,56,612.824,134.743,174.208,187.892,1,-1,-1,-1
323,58,614.868,137.380,176.305,206.028,1,-1,-1,-1
324,58,614.075,136.523,176.863,207.756,1,-1,-1,-1
325,58,613.678,137.037,174.134,207.262,1,-1,-1,-1
326,58,613.215,135.991,172.242,206.881,1,-1,-1,-1
327,58,614.003,135.785,171.131,206.652,1,-1,-1,-1
328,58,612.792,135.144,170.097,207.661,1,-1,-1,-1
329,58,612.306,134.572,169.717,208.747,1,-1,-1,-1
330,58,610.152,132.249,170.003,210.998,1,-1,-1,-1
331,58,608.822,129.682,171.766,213.321,1,-1,-1,-1
332,58,609.327,126.766,172.932,215.704,1,-1,-1,-1
333,58,608.876,124.924,174.255,218.040,1,-1,-1,-1
334,58,609.516,122.389,175.590,220.795,1,-1,-1,-1
335,58,609.527,120.961,176.581,222.779,1,-1,-1,-1
336,58,608.612,116.122,177.961,225.921,1,-1,-1,-1
337,58,608.070,111.661,179.174,229.116,1,-1,-1,-1
338,58,607.660,108.926,180.284,233.083,1,-1,-1,-1
339,58,607.814,106.556,181.483,237.019,1,-1,-1,-1
340,58,607.908,103.285,182.570,241.342,1,-1,-1,-1
341,58,607.892,101.278,183.410,244.482,1,-1,-1,-1
342,58,607.855,98.387,184.224,247.605,1,-1,-1,-1
343,58,607.785,95.492,185.977,251.053,1,-1,-1,-1
344,58,607.489,92.369,187.432,254.477,1,-1,-1,-1
345,58,607.895,90.091,188.124,257.480,1,-1,-1,-1
346,58,608.444,88.663,189.080,260.239,1,-1,-1,-1
347,58,608.494,87.633,189.709,262.206,1,-1,-1,-1
348,58,608.575,87.190,190.407,264.092,1,-1,-1,-1
349,58,608.851,87.030,191.422,265.533,1,-1,-1,-1
350,58,609.804,86.309,193.533,266.757,1,-1,-1,-1
351,58,610.195,85.535,196.955,268.586,1,-1,-1,-1
352,58,610.287,84.754,200.089,270.602,1,-1,-1,-1
352,64,539.712,107.443,51.529,44.782,1,-1,-1,-1
353,58,609.760,84.218,202.312,272.034,1,-1,-1,-1
353,64,540.592,107.208,50.731,45.015,1,-1,-1,-1
354,58,609.281,82.588,204.289,274.158,1,-1,-1,-1
354,64,542.312,107.698,48.831,44.622,1,-1,-1,-1
355,58,608.549,79.199,206.173,278.169,1,-1,-1,-1
356,58,608.310,78.236,207.815,285.115,1,-1,-1,-1
357,58,608.157,75.463,209.315,290.989,1,-1,-1,-1
358,58,607.201,73.542,210.576,296.130,1,-1,-1,-1
359,58,606.758,71.915,211.409,299.854,1,-1,-1,-1
360,58,606.296,70.776,212.130,302.875,1,-1,-1,-1
361,58,605.998,69.725,212.388,305.238,1,-1,-1,-1
362,58,606.384,69.438,211.923,307.176,1,-1,-1,-1
363,58,605.619,68.783,212.393,308.769,1,-1,-1,-1
364,58,604.358,67.704,212.442,310.448,1,-1,-1,-1
365,58,603.758,67.024,212.536,311.635,1,-1,-1,-1
366,58,602.552,65.725,213.102,313.008,1,-1,-1,-1
367,58,601.906,63.280,213.333,313.299,1,-1,-1,-1
368,58,600.981,59.531,212.624,311.245,1,-1,-1,-1
369,58,599.826,55.772,211.485,308.556,1,-1,-1,-1
370,58,595.929,51.796,209.292,309.895,1,-1,-1,-1
371,58,594.710,49.943,207.789,310.951,1,-1,-1,-1
372,58,594.726,46.490,205.548,312.252,1,-1,-1,-1
373,58,593.688,41.694,203.260,308.353,1,-1,-1,-1
374,58,592.065,39.185,198.469,302.531,1,-1,-1,-1
375,58,590.084,37.587,193.022,299.816,1,-1,-1,-1
376,58,588.194,36.380,185.087,292.737,1,-1,-1,-1
377,58,588.995,37.383,179.066,287.214,1,-1,-1,-1
378,58,587.700,37.941,173.779,281.736,1,-1,-1,-1
379,58,585.788,36.836,169.358,274.914,1,-1,-1,-1
380,58,579.716,38.783,164.411,266.421,1,-1,-1,-1
381,58,576.266,41.208,158.451,257.145,1,-1,-1,-1
382,58,574.170,43.564,153.239,247.677,1,-1,-1,-1
383,58,574.518,46.236,149.317,240.572,1,-1,-1,-1
383,67,543.079,86.876,39.800,54.933,1,-1,-1,-1
384,58,572.525,48.661,146.072,232.535,1,-1,-1,-1
384,67,540.951,87.069,38.955,54.431,1,-1,-1,-1
385,58,570.462,53.429,143.117,222.965,1,-1,-1,-1
385,67,535.704,87.149,39.408,54.158,1,-1,-1,-1
386,58,568.092,57.665,140.464,214.342,1,-1,-1,-1
386,67,532.367,87.201,38.752,53.645,1,-1,-1,-1
387,58,567.466,59.873,137.799,200.653,1,-1,-1,-1
387,67,528.195,86.477,39.213,53.636,1,-1,-1,-1
388,58,563.988,68.511,137.031,197.779,1,-1,-1,-1
388,67,523.565,86.142,35.529,51.361,1,-1,-1,-1
389,58,562.925,72.243,136.449,195.693,1,-1,-1,-1
389,67,522.600,86.325,33.148,49.855,1,-1,-1,-1
390,58,562.105,76.006,136.234,188.559,1,-1,-1,-1
390,67,520.861,86.662,30.604,48.357,1,-1,-1,-1
391,58,560.306,82.168,137.436,183.506,1,-1,-1,-1
392,58,557.935,87.841,139.040,177.569,1,-1,-1,-1
393,58,553.274,90.956,141.305,174.511,1,-1,-1,-1
394,58,548.987,93.009,145.949,174.531,1,-1,-1,-1
395,58,546.736,93.859,149.267,174.543,1,-1,-1,-1
396,58,542.933,93.078,149.745,171.145,1,-1,-1,-1
397,58,537.217,93.354,152.274,172.367,1,-1,-1,-1
398,58,531.692,89.247,153.932,169.940,1,-1,-1,-1
399,58,527.967,87.455,156.713,166.544,1,-1,-1,-1
400,58,523.831,84.736,159.583,165.977,1,-1,-1,-1
401,58,521.890,83.886,161.638,165.696,1,-1,-1,-1
402,58,518.752,84.042,164.346,170.989,1,-1,-1,-1
403,58,515.965,80.210,165.520,169.200,1,-1,-1,-1
404,58,511.873,82.368,166.341,172.217,1,-1,-1,-1
405,58,507.768,80.448,166.592,176.788,1,-1,-1,-1
406,58,503.956,79.226,166.388,179.249,1,-1,-1,-1
407,58,502.819,78.567,166.028,180.921,1,-1,-1,-1
408,58,497.666,75.863,166.390,184.319,1,-1,-1,-1
409,58,492.583,72.117,165.945,186.453,1,-1,-1,-1
410,58,470.848,62.555,175.064,194.489,1,-1,-1,-1
411,58,465.650,55.495,176.295,194.604,1,-1,-1,-1
412,58,447.963,52.715,183.310,199.882,1,-1,-1,-1
413,58,440.234,50.768,188.410,203.602,1,-1,-1,-1
414,58,433.445,49.114,190.195,207.199,1,-1,-1,-1
415,58,428.784,48.989,190.841,211.015,1,-1,-1,-1
415,70,465.892,265.255,59.842,54.944,1,-1,-1,-1
416,58,423.633,47.423,191.457,213.199,1,-1,-1,-1
416,70,466.495,262.949,55.112,53.998,1,-1,-1,-1
417,58,414.503,46.477,192.793,217.285,1,-1,-1,-1
417,70,465.350,264.335,51.861,54.451,1,-1,-1,-1
418,58,410.292,39.615,192.732,210.287,1,-1,-1,-1
418,70,462.179,263.783,51.486,57.211,1,-1,-1,-1
419,58,408.810,38.015,192.723,205.615,1,-1,-1,-1
419,70,461.325,263.337,50.854,58.940,1,-1,-1,-1
419,71,714.330,175.921,138.743,176.884,1,-1,-1,-1
420,58,407.747,40.330,191.908,211.356,1,-1,-1,-1
420,70,459.725,262.891,50.758,60.219,1,-1,-1,-1
420,71,712.305,177.123,140.746,176.702,1,-1,-1,-1
421,58,405.805,45.160,192.377,219.816,1,-1,-1,-1
421,70,457.133,262.682,50.420,61.906,1,-1,-1,-1
421,71,706.998,178.670,147.246,189.538,1,-1,-1,-1
422,58,404.663,37.093,191.894,214.830,1,-1,-1,-1
422,70,454.977,261.531,49.561,63.235,1,-1,-1,-1
422,71,699.797,176.659,153.416,196.033,1,-1,-1,-1
423,58,401.137,39.958,192.246,222.145,1,-1,-1,-1
423,71,694.247,177.053,158.290,198.364,1,-1,-1,-1
424,58,393.059,38.417,195.884,228.621,1,-1,-1,-1
424,71,690.363,173.264,162.338,200.335,1,-1,-1,-1
425,58,389.387,36.916,198.315,232.995,1,-1,-1,-1
425,71,688.242,171.834,165.082,201.725,1,-1,-1,-1
426,58,387.608,36.885,199.665,236.373,1,-1,-1,-1
426,71,686.307,170.196,167.284,201.479,1,-1,-1,-1
427,58,392.624,37.337,198.346,238.648,1,-1,-1,-1
427,71,685.392,170.691,168.522,198.881,1,-1,-1,-1
428,58,397.877,30.960,197.038,230.865,1,-1,-1,-1
428,71,684.935,172.836,169.468,199.006,1,-1,-1,-1
429,58,404.511,34.637,193.592,226.875,1,-1,-1,-1
429,71,684.699,173.386,170.038,198.866,1,-1,-1,-1
430,58,408.395,36.614,190.703,229.167,1,-1,-1,-1
430,71,684.088,173.243,170.660,198.205,1,-1,-1,-1
431,58,411.257,36.909,188.055,230.806,1,-1,-1,-1
431,71,683.958,173.160,170.943,197.428,1,-1,-1,-1
432,58,415.250,38.562,185.137,231.586,1,-1,-1,-1
432,71,685.075,174.063,170.295,195.137,1,-1,-1,-1
433,58,413.578,36.384,185.943,232.507,1,-1,-1,-1
433,71,683.407,173.482,171.316,196.092,1,-1,-1,-1
433,73,464.599,257.014,32.755,50.697,1,-1,-1,-1
434,58,414.144,36.011,185.521,235.334,1,-1,-1,-1
434,71,683.539,174.351,171.325,193.804,1,-1,-1,-1
434,73,463.073,256.676,32.206,51.377,1,-1,-1,-1
435,58,413.105,32.910,185.518,240.364,1,-1,-1,-1
435,71,682.928,177.620,171.716,191.699,1,-1,-1,-1
436,58,412.900,32.459,187.748,240.676,1,-1,-1,-1
436,71,682.584,178.883,172.036,190.793,1,-1,-1,-1
437,58,412.669,31.882,189.484,241.373,1,-1,-1,-1
437,71,682.500,179.686,172.194,190.043,1,-1,-1,-1
438,58,415.316,32.884,189.721,232.120,1,-1,-1,-1
438,71,682.786,178.671,172.087,189.459,1,-1,-1,-1
439,58,418.832,36.038,189.640,232.252,1,-1,-1,-1
439,71,682.182,177.687,172.507,190.482,1,-1,-1,-1
440,58,421.796,35.226,189.262,234.844,1,-1,-1,-1
440,71,682.083,175.883,172.694,191.708,1,-1,-1,-1
441,58,422.735,27.665,189.542,233.055,1,-1,-1,-1
442,58,424.545,21.218,190.450,226.326,1,-1,-1,-1
443,58,425.007,19.932,191.004,221.466,1,-1,-1,-1
444,58,427.120,20.528,191.695,220.918,1,-1,-1,-1
445,58,428.587,21.105,192.388,221.749,1,-1,-1,-1
446,58,434.259,25.207,190.557,221.074,1,-1,-1,-1
447,58,433.281,27.611,193.880,217.422,1,-1,-1,-1
448,58,436.171,16.683,195.301,223.410,1,-1,-1,-1
448,75,688.524,191.983,164.929,182.002,1,-1,-1,-1
449,58,437.244,11.561,195.974,227.585,1,-1,-1,-1
449,75,688.605,193.081,165.073,182.862,1,-1,-1,-1
450,58,434.894,15.954,200.802,241.288,1,-1,-1,-1
450,75,689.187,190.711,164.766,183.485,1,-1,-1,-1
451,75,689.475,194.077,164.074,181.316,1,-1,-1,-1
452,75,688.138,196.077,165.547,184.831,1,-1,-1,-1
453,76,483.038,253.024,39.012,54.371,1,-1,-1,-1
454,58,431.599,45.034,212.906,237.760,1,-1,-1,-1
454,76,482.402,253.502,39.044,55.650,1,-1,-1,-1
455,58,433.455,21.511,213.717,243.637,1,-1,-1,-1
456,58,435.747,13.002,213.272,248.351,1,-1,-1,-1
456,75,685.544,199.771,168.901,196.412,1,-1,-1,-1
457,58,435.851,7.915,213.699,251.467,1,-1,-1,-1
457,75,685.142,196.959,169.679,201.650,1,-1,-1,-1
458,58,436.535,5.251,215.937,256.105,1,-1,-1,-1
458,75,686.476,199.740,168.528,198.741,1,-1,-1,-1
459,58,438.217,3.999,219.424,258.255,1,-1,-1,-1
459,75,687.041,203.138,168.026,199.813,1,-1,-1,-1
460,58,438.975,3.101,222.739,261.865,1,-1,-1,-1
460,75,689.635,204.007,165.893,194.937,1,-1,-1,-1
461,58,438.552,0.949,226.101,262.532,1,-1,-1,-1
461,75,690.859,208.638,164.528,193.471,1,-1,-1,-1
461,78,333.396,167.525,37.957,39.786,1,-1,-1,-1
462,58,437.736,0.047,228.511,263.057,1,-1,-1,-1
462,75,691.503,210.607,163.579,192.388,1,-1,-1,-1
462,78,333.483,168.297,38.051,39.131,1,-1,-1,-1
463,58,437.255,0.492,230.257,262.692,1,-1,-1,-1
463,75,692.364,213.844,162.602,191.420,1,-1,-1,-1
463,78,335.307,168.042,38.934,39.750,1,-1,-1,-1
464,58,436.701,1.110,229.693,262.431,1,-1,-1,-1
464,75,693.816,214.122,161.340,191.440,1,-1,-1,-1
464,78,339.988,169.137,36.957,38.468,1,-1,-1,-1
465,58,434.405,1.875,223.191,262.254,1,-1,-1,-1
465,75,698.133,215.068,158.223,191.293,1,-1,-1,-1
466,58,442.228,1.656,228.939,263.176,1,-1,-1,-1
466,75,701.790,215.808,155.009,190.273,1,-1,-1,-1
467,58,444.734,3.230,233.653,266.560,1,-1,-1,-1
467,75,704.357,216.440,152.311,189.963,1,-1,-1,-1
468,58,444.969,3.208,237.500,268.845,1,-1,-1,-1
468,75,705.687,216.404,150.429,190.003,1,-1,-1,-1
469,58,445.243,2.928,238.516,270.426,1,-1,-1,-1
469,75,708.137,219.450,148.010,188.544,1,-1,-1,-1
470,58,445.329,0.790,241.804,269.231,1,-1,-1,-1
470,75,709.959,221.851,145.936,186.721,1,-1,-1,-1
471,58,443.827,-1.212,242.761,267.123,1,-1,-1,-1
471,75,711.007,225.077,144.427,185.453,1,-1,-1,-1
472,58,437.495,-0.948,234.626,265.998,1,-1,-1,-1
472,75,712.798,229.654,142.582,184.083,1,-1,-1,-1
473,58,440.899,-0.869,236.685,265.169,1,-1,-1,-1
473,75,713.564,232.202,141.455,184.462,1,-1,-1,-1
474,58,441.120,-0.538,237.122,264.602,1,-1,-1,-1
474,75,714.138,233.152,140.541,184.636,1,-1,-1,-1
475,58,433.634,38.348,229.601,240.352,1,-1,-1,-1
475,75,714.565,234.168,139.746,183.348,1,-1,-1,-1
476,58,432.627,51.502,223.541,227.189,1,-1,-1,-1
476,75,715.015,234.083,139.052,182.862,1,-1,-1,-1
477,58,433.015,61.613,218.021,215.766,1,-1,-1,-1
477,75,715.116,233.917,138.737,183.331,1,-1,-1,-1
478,58,436.812,33.481,213.377,224.743,1,-1,-1,-1
478,75,715.304,236.853,138.551,184.304,1,-1,-1,-1
479,58,437.302,50.085,208.274,214.950,1,-1,-1,-1
479,75,716.340,236.613,137.779,185.660,1,-1,-1,-1
480,58,438.545,58.025,204.431,208.027,1,-1,-1,-1
480,75,716.461,236.106,137.465,186.791,1,-1,-1,-1
481,58,438.993,70.528,200.624,198.443,1,-1,-1,-1
482,58,441.004,81.946,198.090,188.102,1,-1,-1,-1
483,58,442.903,84.573,195.135,182.218,1,-1,-1,-1
484,58,444.698,84.592,193.026,178.571,1,-1,-1,-1
485,58,447.360,81.919,191.841,177.605,1,-1,-1,-1
486,58,448.741,80.947,190.948,176.913,1,-1,-1,-1
487,58,449.133,77.847,190.063,178.091,1,-1,-1,-1
488,58,449.667,54.437,190.874,190.796,1,-1,-1,-1
489,58,450.911,65.484,189.062,187.624,1,-1,-1,-1
490,58,452.474,73.367,187.146,183.581,1,-1,-1,-1
491,58,453.921,78.200,184.985,179.876,1,-1,-1,-1
492,58,454.819,80.663,183.332,177.094,1,-1,-1,-1
493,58,456.356,82.726,181.388,173.924,1,-1,-1,-1
494,58,459.765,84.458,179.659,173.028,1,-1,-1,-1
495,58,466.429,83.629,180.531,171.709,1,-1,-1,-1
496,58,479.977,78.282,191.759,172.893,1,-1,-1,-1
497,58,485.097,74.564,196.548,171.491,1,-1,-1,-1
498,58,486.161,73.531,200.125,170.573,1,-1,-1,-1
499,58,487.037,71.422,201.937,170.761,1,-1,-1,-1
500,58,491.114,71.004,199.670,170.329,1,-1,-1,-1
501,58,496.100,69.225,195.662,168.080,1,-1,-1,-1
501,81,545.790,275.694,36.200,46.010,1,-1,-1,-1
502,58,500.366,72.459,190.236,163.062,1,-1,-1,-1
503,58,505.049,68.806,184.103,161.608,1,-1,-1,-1
504,58,507.565,67.920,179.856,160.302,1,-1,-1,-1
505,58,510.546,75.680,174.898,154.669,1,-1,-1,-1
506,58,513.416,72.919,170.944,155.755,1,-1,-1,-1
507,58,517.702,72.216,165.941,154.334,1,-1,-1,-1
508,58,519.949,69.391,161.225,154.101,1,-1,-1,-1
509,58,520.908,68.260,158.430,153.814,1,-1,-1,-1
510,58,522.157,67.048,156.300,154.036,1,-1,-1,-1
511,58,524.639,70.995,154.142,150.391,1,-1,-1,-1
512,58,528.149,71.056,151.614,147.863,1,-1,-1,-1
513,58,530.381,65.717,149.957,148.984,1,-1,-1,-1
514,58,533.055,62.836,148.282,150.075,1,-1,-1,-1
515,58,534.622,60.661,147.019,151.067,1,-1,-1,-1
516,58,535.328,58.792,146.246,152.690,1,-1,-1,-1
517,58,536.591,56.324,145.765,153.915,1,-1,-1,-1
518,58,536.894,55.449,146.067,154.721,1,-1,-1,-1
519,58,538.315,54.863,146.727,154.833,1,-1,-1,-1
520,58,539.797,51.869,147.061,155.974,1,-1,-1,-1
521,58,540.474,50.957,148.235,155.969,1,-1,-1,-1
522,58,540.894,52.497,149.153,154.059,1,-1,-1,-1
523,58,541.417,51.842,150.719,155.364,1,-1,-1,-1
528,86,546.395,282.725,40.031,42.090,1,-1,-1,-1
529,86,536.878,274.196,41.496,48.206,1,-1,-1,-1
535,86,518.089,269.582,35.191,54.322,1,-1,-1,-1
535,89,526.601,24.173,245.924,166.114,1,-1,-1,-1
536,86,515.034,272.525,35.638,54.377,1,-1,-1,-1
536,89,515.087,24.994,254.043,173.617,1,-1,-1,-1
537,89,512.293,26.175,251.822,168.627,1,-1,-1,-1
540,86,502.918,277.686,38.152,53.490,1,-1,-1,-1
541,86,496.953,277.983,39.726,56.364,1,-1,-1,-1
544,91,688.644,220.102,164.409,205.625,1,-1,-1,-1
546,94,450.060,57.254,266.780,215.047,1,-1,-1,-1
547,94,429.934,73.853,228.228,202.694,1,-1,-1,-1
548,94,438.856,69.102,236.768,203.222,1,-1,-1,-1
549,94,439.513,67.598,242.369,202.331,1,-1,-1,-1
550,94,422.003,79.221,212.746,194.560,1,-1,-1,-1
554,97,648.000,212.806,204.532,194.467,1,-1,-1,-1
555,97,640.576,208.706,211.868,200.244,1,-1,-1,-1
556,97,633.215,210.432,218.422,202.502,1,-1,-1,-1
556,98,418.638,69.682,222.193,196.323,1,-1,-1,-1
557,97,628.488,207.595,222.558,203.127,1,-1,-1,-1
557,98,412.555,67.257,228.952,199.763,1,-1,-1,-1
558,97,626.469,206.593,224.968,202.960,1,-1,-1,-1
558,98,409.855,66.440,232.561,201.241,1,-1,-1,-1
559,98,392.242,70.906,204.250,192.377,1,-1,-1,-1
560,98,388.026,72.405,189.809,188.908,1,-1,-1,-1
561,98,384.673,76.947,176.256,184.559,1,-1,-1,-1
562,97,607.004,215.623,210.659,191.795,1,-1,-1,-1
562,98,384.371,86.832,169.825,178.901,1,-1,-1,-1
563,97,605.405,219.527,211.920,190.131,1,-1,-1,-1
563,98,384.824,81.078,173.469,181.670,1,-1,-1,-1
564,97,604.840,221.438,212.947,188.884,1,-1,-1,-1
564,98,384.866,77.987,176.569,183.964,1,-1,-1,-1
565,97,601.979,221.065,215.422,188.711,1,-1,-1,-1
565,98,378.604,81.655,169.933,180.470,1,-1,-1,-1
566,97,597.322,222.103,216.489,189.982,1,-1,-1,-1
566,98,373.974,77.462,168.025,182.961,1,-1,-1,-1
567,97,595.145,223.120,216.481,189.116,1,-1,-1,-1
567,98,373.733,76.928,168.678,184.007,1,-1,-1,-1
568,97,594.212,224.032,216.735,189.136,1,-1,-1,-1
568,98,372.278,75.124,173.489,188.844,1,-1,-1,-1
569,97,592.378,225.363,215.117,186.337,1,-1,-1,-1
569,98,373.055,74.357,179.976,191.781,1,-1,-1,-1
570,97,592.035,225.797,213.977,184.591,1,-1,-1,-1
570,98,373.073,73.590,185.224,193.788,1,-1,-1,-1
570,100,551.754,111.381,49.097,54.467,1,-1,-1,-1
571,97,590.956,224.925,212.142,182.733,1,-1,-1,-1
571,98,376.754,71.054,198.265,196.321,1,-1,-1,-1
571,100,547.747,113.958,50.932,55.214,1,-1,-1,-1
572,97,590.639,222.916,210.227,181.160,1,-1,-1,-1
572,98,372.408,70.207,204.098,197.474,1,-1,-1,-1
572,100,545.970,114.739,50.731,55.675,1,-1,-1,-1
573,97,589.573,226.408,207.925,177.789,1,-1,-1,-1
573,98,366.922,71.257,213.070,199.880,1,-1,-1,-1
574,97,586.274,229.121,205.672,175.085,1,-1,-1,-1
574,98,360.293,70.751,220.067,201.117,1,-1,-1,-1
575,97,584.043,230.977,204.372,172.971,1,-1,-1,-1
575,98,351.623,69.875,223.083,199.729,1,-1,-1,-1
576,97,583.898,232.075,203.242,171.271,1,-1,-1,-1
576,98,347.869,69.889,225.400,198.655,1,-1,-1,-1
576,100,540.821,120.849,40.376,52.602,1,-1,-1,-1
577,97,581.960,230.899,202.706,171.044,1,-1,-1,-1
577,98,344.520,75.474,226.133,202.921,1,-1,-1,-1
577,100,537.633,121.401,39.007,52.000,1,-1,-1,-1
578,97,580.172,230.054,200.387,167.836,1,-1,-1,-1
578,98,340.935,78.794,227.361,210.433,1,-1,-1,-1
578,100,535.076,123.748,36.898,50.394,1,-1,-1,-1
579,97,579.092,229.671,198.406,165.879,1,-1,-1,-1
579,98,339.068,77.792,228.390,212.950,1,-1,-1,-1
580,97,578.771,228.938,197.045,164.547,1,-1,-1,-1
580,98,337.155,77.214,230.410,214.998,1,-1,-1,-1
581,97,577.205,230.590,196.996,164.351,1,-1,-1,-1
581,98,335.483,73.997,231.898,215.905,1,-1,-1,-1
582,97,576.559,231.399,197.165,164.387,1,-1,-1,-1
582,98,334.554,73.073,233.116,216.327,1,-1,-1,-1
583,97,574.692,230.392,197.331,165.845,1,-1,-1,-1
583,98,332.784,80.336,233.385,210.471,1,-1,-1,-1
584,97,571.545,227.327,198.255,169.118,1,-1,-1,-1
584,98,330.987,78.722,236.935,212.915,1,-1,-1,-1
585,97,568.028,229.183,198.046,170.695,1,-1,-1,-1
585,98,327.763,84.194,237.438,211.110,1,-1,-1,-1
586,97,566.214,230.679,196.868,171.497,1,-1,-1,-1
586,98,323.461,101.756,237.427,201.186,1,-1,-1,-1
587,97,564.173,227.307,194.829,172.930,1,-1,-1,-1
587,98,313.590,119.708,227.664,188.772,1,-1,-1,-1
588,97,563.881,225.626,193.351,174.106,1,-1,-1,-1
588,98,312.105,128.799,220.327,179.498,1,-1,-1,-1
594,102,305.343,85.862,263.453,199.464,1,-1,-1,-1
595,102,297.700,118.222,238.022,175.771,1,-1,-1,-1
595,103,451.024,75.573,42.061,52.425,1,-1,-1,-1
596,102,324.014,105.897,237.525,183.826,1,-1,-1,-1
596,103,447.924,77.336,40.343,50.905,1,-1,-1,-1
597,102,312.741,100.629,249.262,194.997,1,-1,-1,-1
597,103,444.450,76.911,40.017,50.799,1,-1,-1,-1
598,102,300.950,98.434,258.399,198.035,1,-1,-1,-1
598,103,440.792,76.512,38.589,50.674,1,-1,-1,-1
599,103,439.864,77.811,36.399,49.237,1,-1,-1,-1
600,103,440.171,78.847,34.828,48.167,1,-1,-1,-1
601,103,435.562,79.263,33.328,47.526,1,-1,-1,-1
602,103,428.927,78.109,32.656,47.826,1,-1,-1,-1
603,103,422.707,79.160,31.562,47.307,1,-1,-1,-1
604,103,416.228,78.904,30.567,46.975,1,-1,-1,-1
606,106,500.137,238.192,241.108,225.399,1,-1,-1,-1
607,106,494.085,242.623,241.817,229.809,1,-1,-1,-1
608,106,491.441,242.954,241.684,232.866,1,-1,-1,-1
609,106,488.622,238.305,240.681,237.487,1,-1,-1,-1
609,109,274.869,106.710,255.556,192.938,1,-1,-1,-1
610,106,488.417,228.088,236.278,226.013,1,-1,-1,-1
610,109,265.027,108.355,263.301,200.552,1,-1,-1,-1
611,106,483.354,226.616,240.062,237.647,1,-1,-1,-1
611,109,261.014,107.118,264.770,201.053,1,-1,-1,-1
612,106,481.345,224.205,241.794,245.710,1,-1,-1,-1
612,109,260.330,106.523,265.083,200.884,1,-1,-1,-1
613,106,480.884,224.626,242.114,249.675,1,-1,-1,-1
613,109,261.529,102.875,260.387,186.554,1,-1,-1,-1
614,106,478.463,224.019,241.451,250.632,1,-1,-1,-1
614,109,258.055,108.335,261.305,191.735,1,-1,-1,-1
615,106,476.750,219.798,241.923,251.731,1,-1,-1,-1
615,109,257.363,111.180,258.844,195.780,1,-1,-1,-1
616,106,474.921,218.091,240.922,242.883,1,-1,-1,-1
617,106,475.121,221.363,240.635,230.226,1,-1,-1,-1
618,106,475.167,224.716,240.421,221.405,1,-1,-1,-1
619,106,475.344,217.334,241.387,221.007,1,-1,-1,-1
620,106,476.024,216.357,241.932,219.247,1,-1,-1,-1
622,110,277.046,117.006,212.896,185.480,1,-1,-1,-1
623,110,281.127,129.723,202.992,178.859,1,-1,-1,-1
624,110,283.214,133.199,198.457,176.230,1,-1,-1,-1
625,110,281.110,133.990,195.243,176.146,1,-1,-1,-1
626,110,278.398,135.061,193.309,177.429,1,-1,-1,-1
627,110,278.956,134.292,190.083,177.886,1,-1,-1,-1
628,110,282.024,134.156,185.476,175.978,1,-1,-1,-1
629,110,286.740,129.344,180.105,163.352,1,-1,-1,-1
630,110,289.382,129.473,176.356,155.460,1,-1,-1,-1
631,110,291.602,128.633,175.095,150.797,1,-1,-1,-1
632,110,291.794,134.195,175.361,150.919,1,-1,-1,-1
633,110,290.982,137.578,174.103,150.770,1,-1,-1,-1
634,110,290.028,139.459,171.429,148.115,1,-1,-1,-1
635,110,287.991,141.238,171.016,149.742,1,-1,-1,-1
636,110,287.189,141.401,170.784,150.986,1,-1,-1,-1
636,111,454.732,179.135,202.535,251.606,1,-1,-1,-1
637,110,286.013,142.458,170.148,153.446,1,-1,-1,-1
637,111,468.842,219.071,194.456,220.051,1,-1,-1,-1
638,110,285.656,142.965,169.707,155.674,1,-1,-1,-1
638,111,464.840,191.892,214.516,242.359,1,-1,-1,-1
639,110,284.341,142.885,170.716,158.518,1,-1,-1,-1
639,111,465.066,180.937,227.255,254.979,1,-1,-1,-1
640,110,281.140,142.749,173.041,160.960,1,-1,-1,-1
640,111,463.229,177.331,236.154,260.580,1,-1,-1,-1
641,110,277.548,142.315,174.686,161.037,1,-1,-1,-1
641,111,463.476,173.686,241.602,264.530,1,-1,-1,-1
642,110,276.328,142.157,175.607,161.022,1,-1,-1,-1
642,111,463.053,172.087,244.553,266.531,1,-1,-1,-1
643,110,276.263,142.302,174.871,160.624,1,-1,-1,-1
643,111,470.478,213.045,238.514,235.472,1,-1,-1,-1
644,110,276.307,140.619,173.531,160.773,1,-1,-1,-1
644,111,475.096,229.108,233.091,217.270,1,-1,-1,-1
645,110,276.176,139.503,173.447,160.951,1,-1,-1,-1
645,111,472.892,197.986,235.981,230.119,1,-1,-1,-1
646,110,274.661,138.315,174.087,161.191,1,-1,-1,-1
646,111,474.103,218.566,233.872,214.187,1,-1,-1,-1
647,110,274.702,136.290,174.141,161.985,1,-1,-1,-1
647,111,469.576,188.272,236.232,228.137,1,-1,-1,-1
648,110,274.796,135.329,174.022,162.548,1,-1,-1,-1
648,111,468.429,174.406,236.547,238.073,1,-1,-1,-1
649,110,273.212,130.534,174.326,162.383,1,-1,-1,-1
649,111,466.307,165.722,237.523,245.571,1,-1,-1,-1
650,110,272.790,127.673,174.113,162.951,1,-1,-1,-1
650,111,470.091,199.459,233.256,224.794,1,-1,-1,-1
651,110,271.279,124.194,174.474,161.757,1,-1,-1,-1
651,111,472.745,216.561,228.165,205.600,1,-1,-1,-1
652,110,272.733,122.820,173.711,159.133,1,-1,-1,-1
652,111,472.855,225.603,221.725,191.523,1,-1,-1,-1
653,110,272.635,123.299,174.535,160.597,1,-1,-1,-1
653,111,473.679,226.966,216.816,183.810,1,-1,-1,-1
653,112,378.465,62.278,39.379,44.247,1,-1,-1,-1
654,110,271.026,123.168,176.816,164.810,1,-1,-1,-1
654,111,477.716,230.956,212.311,176.468,1,-1,-1,-1
654,112,375.576,57.269,39.632,45.848,1,-1,-1,-1
655,110,270.489,122.327,178.266,167.893,1,-1,-1,-1
655,111,479.927,233.796,208.980,171.281,1,-1,-1,-1
655,112,374.341,56.883,39.295,45.880,1,-1,-1,-1
656,110,265.965,120.098,175.134,167.048,1,-1,-1,-1
656,111,477.286,231.128,202.539,170.057,1,-1,-1,-1
656,112,373.182,54.759,38.652,45.964,1,-1,-1,-1
657,110,264.281,115.962,167.793,161.138,1,-1,-1,-1
657,111,477.115,227.117,198.754,172.287,1,-1,-1,-1
657,112,370.427,53.205,38.853,46.185,1,-1,-1,-1
658,110,264.704,117.006,163.304,158.570,1,-1,-1,-1
658,111,478.678,224.982,196.472,172.200,1,-1,-1,-1
658,112,368.776,52.692,37.722,45.480,1,-1,-1,-1
659,110,263.984,120.208,159.177,158.172,1,-1,-1,-1
659,111,478.422,224.860,192.890,173.349,1,-1,-1,-1
659,112,367.277,52.355,35.946,44.366,1,-1,-1,-1
660,110,268.731,123.434,165.176,162.919,1,-1,-1,-1
660,111,477.200,223.600,185.607,173.530,1,-1,-1,-1
660,112,366.511,51.748,34.847,43.451,1,-1,-1,-1
661,110,269.496,123.692,168.281,165.207,1,-1,-1,-1
661,111,477.750,223.260,179.283,173.595,1,-1,-1,-1
661,112,366.680,51.834,33.933,42.754,1,-1,-1,-1
662,110,263.959,122.138,161.431,161.431,1,-1,-1,-1
662,111,477.974,222.494,173.808,172.481,1,-1,-1,-1
662,112,366.026,50.205,33.607,43.267,1,-1,-1,-1
663,110,260.537,124.021,155.907,159.005,1,-1,-1,-1
663,111,484.680,220.273,180.034,169.922,1,-1,-1,-1
663,112,365.279,48.309,32.607,43.658,1,-1,-1,-1
664,110,259.782,125.339,150.752,155.479,1,-1,-1,-1
664,111,485.150,223.065,184.501,173.225,1,-1,-1,-1
664,112,364.248,47.432,32.017,43.840,1,-1,-1,-1
665,110,260.750,128.297,146.756,153.729,1,-1,-1,-1
665,111,486.920,218.785,189.937,173.294,1,-1,-1,-1
665,112,363.220,46.143,31.557,43.494,1,-1,-1,-1
666,110,272.319,130.273,159.008,153.040,1,-1,-1,-1
666,111,484.626,218.816,185.957,173.593,1,-1,-1,-1
667,110,274.834,131.488,168.356,152.487,1,-1,-1,-1
667,111,484.634,218.837,183.486,174.017,1,-1,-1,-1
668,110,273.245,132.186,173.652,150.549,1,-1,-1,-1
668,111,489.313,217.745,189.592,176.308,1,-1,-1,-1
669,110,273.712,132.827,180.323,150.698,1,-1,-1,-1
669,111,491.020,214.548,193.375,180.758,1,-1,-1,-1
670,110,271.645,133.499,183.414,150.065,1,-1,-1,-1
670,111,490.674,211.387,195.007,179.154,1,-1,-1,-1
671,110,261.413,135.180,170.029,147.850,1,-1,-1,-1
671,111,492.009,213.853,195.614,173.141,1,-1,-1,-1
672,110,260.212,136.150,160.657,146.113,1,-1,-1,-1
673,110,261.475,136.886,153.722,144.748,1,-1,-1,-1
674,110,263.515,137.078,148.951,142.095,1,-1,-1,-1
675,110,267.778,135.532,144.816,141.218,1,-1,-1,-1
676,110,269.977,135.800,142.054,141.033,1,-1,-1,-1
677,110,270.766,137.677,139.424,139.159,1,-1,-1,-1
678,110,272.023,139.425,137.795,137.325,1,-1,-1,-1
678,114,394.252,115.987,45.736,34.536,1,-1,-1,-1
679,110,273.096,140.463,136.224,135.573,1,-1,-1,-1
680,110,274.927,139.887,135.473,135.720,1,-1,-1,-1
681,110,277.187,140.926,134.185,134.506,1,-1,-1,-1
682,110,279.610,138.122,133.674,135.809,1,-1,-1,-1
683,110,283.218,139.166,134.094,135.693,1,-1,-1,-1
684,110,283.656,136.434,134.671,137.725,1,-1,-1,-1
685,110,284.144,135.168,134.631,139.019,1,-1,-1,-1
686,110,283.868,133.734,136.319,138.947,1,-1,-1,-1
686,116,508.341,290.351,25.300,36.997,1,-1,-1,-1
687,110,286.063,129.563,136.031,140.986,1,-1,-1,-1
688,110,288.802,125.285,136.270,143.866,1,-1,-1,-1
689,110,289.662,122.576,136.579,144.440,1,-1,-1,-1
690,110,290.327,121.104,136.551,144.859,1,-1,-1,-1
690,117,503.847,204.002,249.381,191.256,1,-1,-1,-1
691,110,290.587,120.867,136.287,144.794,1,-1,-1,-1
691,117,504.211,204.755,248.537,191.352,1,-1,-1,-1
692,110,291.234,119.031,136.970,144.342,1,-1,-1,-1
692,117,504.320,207.861,247.634,194.409,1,-1,-1,-1
693,110,291.732,117.480,138.486,144.930,1,-1,-1,-1
694,110,296.208,121.747,152.084,160.791,1,-1,-1,-1
695,110,292.327,118.921,155.899,170.124,1,-1,-1,-1
696,110,290.039,115.711,158.976,177.383,1,-1,-1,-1
696,117,496.175,194.959,221.923,191.863,1,-1,-1,-1
697,110,289.265,113.844,160.787,183.034,1,-1,-1,-1
697,117,495.482,193.900,203.910,186.661,1,-1,-1,-1
698,110,286.016,110.695,164.366,193.641,1,-1,-1,-1
698,117,497.030,192.996,191.327,182.664,1,-1,-1,-1
699,110,284.717,105.150,166.527,200.527,1,-1,-1,-1
699,117,500.612,192.021,181.611,180.001,1,-1,-1,-1
700,110,284.390,100.703,168.715,205.262,1,-1,-1,-1
700,117,504.912,191.387,175.019,177.213,1,-1,-1,-1
701,110,285.033,100.428,170.488,208.589,1,-1,-1,-1
701,117,508.190,189.739,170.707,173.894,1,-1,-1,-1
702,110,287.551,98.430,175.133,207.668,1,-1,-1,-1
702,117,512.296,188.057,169.844,170.327,1,-1,-1,-1
703,110,287.681,97.620,178.831,207.105,1,-1,-1,-1
703,117,514.336,187.967,170.316,168.970,1,-1,-1,-1
704,110,290.028,99.747,187.246,210.163,1,-1,-1,-1
704,117,515.167,185.438,166.682,166.697,1,-1,-1,-1
705,110,290.717,102.424,194.378,211.033,1,-1,-1,-1
705,117,516.164,184.211,163.050,164.252,1,-1,-1,-1
706,110,287.951,103.396,195.264,218.188,1,-1,-1,-1
706,117,518.477,180.757,161.610,162.337,1,-1,-1,-1
707,110,283.670,95.776,190.596,228.402,1,-1,-1,-1
707,117,520.387,179.991,160.569,159.960,1,-1,-1,-1
708,110,288.685,82.027,195.650,230.215,1,-1,-1,-1
708,117,523.546,177.989,159.060,156.584,1,-1,-1,-1
709,110,289.985,76.558,199.042,231.361,1,-1,-1,-1
709,117,524.974,177.992,158.043,154.749,1,-1,-1,-1
710,110,288.643,75.184,197.091,229.587,1,-1,-1,-1
710,117,527.608,177.401,157.703,155.042,1,-1,-1,-1
711,110,289.601,73.840,200.634,235.348,1,-1,-1,-1
711,117,530.120,176.856,157.420,153.342,1,-1,-1,-1
712,110,289.117,72.800,203.591,241.171,1,-1,-1,-1
712,117,532.546,173.111,158.123,156.421,1,-1,-1,-1
713,110,290.635,72.798,204.293,244.954,1,-1,-1,-1
714,110,292.213,79.570,205.747,247.481,1,-1,-1,-1
715,110,292.569,80.798,206.950,248.265,1,-1,-1,-1
719,110,302.411,52.255,206.664,255.201,1,-1,-1,-1
719,123,428.481,230.798,41.132,51.636,1,-1,-1,-1
720,110,302.787,37.613,208.955,260.082,1,-1,-1,-1
721,110,302.495,31.692,210.488,263.471,1,-1,-1,-1
722,110,303.192,29.806,214.923,265.626,1,-1,-1,-1
723,110,305.951,28.598,218.698,269.150,1,-1,-1,-1
724,110,307.383,27.672,223.207,271.680,1,-1,-1,-1
725,110,306.859,29.678,227.404,275.978,1,-1,-1,-1
726,110,307.272,19.436,232.143,265.763,1,-1,-1,-1
727,110,306.572,17.497,235.601,259.448,1,-1,-1,-1
728,110,306.501,22.708,241.623,266.376,1,-1,-1,-1
729,110,307.989,17.687,246.569,271.034,1,-1,-1,-1
730,110,308.077,12.401,250.835,271.897,1,-1,-1,-1
731,110,308.508,10.214,253.144,270.838,1,-1,-1,-1
732,110,311.816,12.060,254.653,274.223,1,-1,-1,-1
733,110,313.014,12.332,255.477,276.471,1,-1,-1,-1
734,110,313.984,13.307,256.140,279.211,1,-1,-1,-1
735,110,314.352,13.444,256.661,283.588,1,-1,-1,-1
736,110,309.230,11.516,248.468,285.070,1,-1,-1,-1
737,110,317.659,8.578,251.748,287.455,1,-1,-1,-1
738,110,320.856,7.744,254.113,291.110,1,-1,-1,-1
739,110,321.663,6.807,255.840,293.441,1,-1,-1,-1
739,125,503.985,211.954,42.246,46.553,1,-1,-1,-1
740,110,322.186,5.395,255.880,296.232,1,-1,-1,-1
740,125,507.031,206.598,50.190,52.745,1,-1,-1,-1
741,110,311.186,-9.700,234.338,282.698,1,-1,-1,-1
741,126,584.170,100.385,225.827,303.217,1,-1,-1,-1
742,110,318.419,-4.954,224.377,282.252,1,-1,-1,-1
742,126,583.856,106.641,226.352,308.796,1,-1,-1,-1
743,110,328.398,-10.209,221.699,271.140,1,-1,-1,-1
743,126,590.128,105.231,221.066,289.855,1,-1,-1,-1
744,110,333.687,-11.342,215.310,262.156,1,-1,-1,-1
744,126,594.496,104.040,218.049,274.063,1,-1,-1,-1
745,110,336.912,-10.110,210.565,255.329,1,-1,-1,-1
745,126,595.602,105.768,217.107,264.939,1,-1,-1,-1
746,110,338.759,-8.841,205.755,249.615,1,-1,-1,-1
746,126,597.714,100.104,216.317,259.206,1,-1,-1,-1
747,110,341.264,-8.800,201.447,243.123,1,-1,-1,-1
747,126,599.321,95.975,215.439,251.302,1,-1,-1,-1
748,110,342.754,-8.909,196.839,236.426,1,-1,-1,-1
748,126,599.544,95.905,213.809,245.194,1,-1,-1,-1
749,110,342.440,-8.488,191.216,230.472,1,-1,-1,-1
749,126,600.530,95.192,212.166,237.200,1,-1,-1,-1
750,110,340.136,-8.777,186.650,223.647,1,-1,-1,-1
750,126,599.798,94.347,211.920,233.213,1,-1,-1,-1
751,110,339.515,-7.513,183.288,218.644,1,-1,-1,-1
751,126,600.343,94.424,212.769,232.591,1,-1,-1,-1
752,110,339.252,-7.572,180.144,212.727,1,-1,-1,-1
752,126,598.656,91.549,213.901,228.194,1,-1,-1,-1
753,110,340.390,-8.968,176.022,204.795,1,-1,-1,-1
753,126,596.697,91.665,212.446,222.273,1,-1,-1,-1
754,110,339.359,-8.795,171.960,197.875,1,-1,-1,-1
754,126,596.336,89.777,208.959,214.288,1,-1,-1,-1
755,126,594.234,89.989,205.865,207.514,1,-1,-1,-1
755,128,506.430,187.113,57.542,55.167,1,-1,-1,-1
756,126,590.294,90.847,204.434,200.997,1,-1,-1,-1
756,128,499.781,171.153,65.103,64.410,1,-1,-1,-1
757,126,588.814,92.341,203.619,196.345,1,-1,-1,-1
757,128,497.262,165.290,68.377,69.129,1,-1,-1,-1
758,126,588.190,91.516,202.929,193.633,1,-1,-1,-1
758,128,495.304,163.034,68.899,70.561,1,-1,-1,-1
759,126,585.338,94.003,202.082,191.058,1,-1,-1,-1
759,128,493.494,161.656,69.080,69.754,1,-1,-1,-1
760,126,583.456,92.912,202.002,188.367,1,-1,-1,-1
760,128,492.950,160.151,66.625,68.758,1,-1,-1,-1
761,126,583.435,93.038,199.661,188.948,1,-1,-1,-1
761,128,493.039,165.925,58.542,63.302,1,-1,-1,-1
761,130,332.661,2.225,163.354,150.051,1,-1,-1,-1
762,126,576.188,100.099,198.052,194.715,1,-1,-1,-1
762,128,490.557,162.126,63.728,65.400,1,-1,-1,-1
762,130,328.442,2.593,166.990,151.964,1,-1,-1,-1
763,126,573.793,101.803,196.828,199.028,1,-1,-1,-1
763,128,488.908,160.590,67.189,66.528,1,-1,-1,-1
763,130,326.794,2.630,168.832,152.628,1,-1,-1,-1
764,130,322.787,2.392,172.277,154.557,1,-1,-1,-1
765,130,320.047,1.608,174.586,155.210,1,-1,-1,-1
766,130,314.618,0.147,177.272,156.147,1,-1,-1,-1
767,130,313.098,-0.810,178.617,155.802,1,-1,-1,-1
768,130,309.758,-1.688,178.593,154.021,1,-1,-1,-1
769,130,308.581,-1.618,178.714,152.969,1,-1,-1,-1
770,130,303.695,-2.877,176.610,149.004,1,-1,-1,-1
771,130,297.701,-2.786,176.254,146.250,1,-1,-1,-1
772,130,292.464,-2.558,175.291,143.704,1,-1,-1,-1
773,130,289.006,-0.222,176.158,145.281,1,-1,-1,-1
774,130,284.506,-0.095,176.193,145.454,1,-1,-1,-1
774,132,464.307,176.928,53.347,62.268,1,-1,-1,-1
775,130,282.932,-0.421,175.823,144.926,1,-1,-1,-1
775,132,464.000,178.766,52.222,60.033,1,-1,-1,-1
775,133,550.760,98.047,159.678,184.838,1,-1,-1,-1
776,132,460.667,181.920,54.033,56.656,1,-1,-1,-1
776,133,552.415,95.991,156.322,183.073,1,-1,-1,-1
777,132,456.650,180.604,57.961,59.159,1,-1,-1,-1
777,133,543.973,96.096,159.204,185.005,1,-1,-1,-1
778,132,452.040,180.879,59.068,60.364,1,-1,-1,-1
779,130,266.907,-0.451,177.650,143.292,1,-1,-1,-1
779,132,446.750,181.991,56.164,58.188,1,-1,-1,-1
780,130,264.659,0.304,178.997,144.370,1,-1,-1,-1
780,132,448.662,179.559,60.410,61.999,1,-1,-1,-1
781,130,263.780,0.447,180.216,145.184,1,-1,-1,-1
781,132,448.935,177.978,63.261,64.501,1,-1,-1,-1
782,130,256.784,0.939,182.221,146.797,1,-1,-1,-1
782,132,445.767,183.593,60.130,61.538,1,-1,-1,-1
783,130,251.845,0.589,183.752,147.513,1,-1,-1,-1
783,132,442.370,187.866,55.385,58.549,1,-1,-1,-1
784,130,247.668,0.892,185.282,148.931,1,-1,-1,-1
784,132,440.587,189.542,57.759,57.485,1,-1,-1,-1
785,130,244.433,1.992,185.129,151.606,1,-1,-1,-1
785,132,437.388,191.622,56.312,57.228,1,-1,-1,-1
785,136,523.387,107.930,160.153,172.251,1,-1,-1,-1
786,130,239.100,1.311,185.690,152.745,1,-1,-1,-1
786,132,435.611,193.988,54.800,57.754,1,-1,-1,-1
786,136,516.706,108.434,160.939,168.751,1,-1,-1,-1
787,130,237.091,0.900,186.141,153.648,1,-1,-1,-1
787,132,434.954,194.705,52.951,58.073,1,-1,-1,-1
787,136,513.855,109.099,162.150,167.164,1,-1,-1,-1
788,130,230.032,1.381,188.505,155.725,1,-1,-1,-1
788,132,436.048,189.700,55.483,62.954,1,-1,-1,-1
788,136,496.537,111.150,172.190,172.814,1,-1,-1,-1
789,130,225.536,0.840,190.853,156.694,1,-1,-1,-1
789,132,434.852,191.467,57.538,65.343,1,-1,-1,-1
789,136,488.710,112.054,177.461,177.068,1,-1,-1,-1
790,130,221.074,2.473,191.531,160.227,1,-1,-1,-1
790,132,429.486,188.286,57.024,68.092,1,-1,-1,-1
790,136,487.970,113.177,176.354,178.563,1,-1,-1,-1
791,130,215.158,1.509,191.539,161.411,1,-1,-1,-1
792,130,207.004,1.050,194.006,162.669,1,-1,-1,-1
792,137,726.122,194.345,45.858,35.932,1,-1,-1,-1
793,130,203.571,0.796,195.764,163.774,1,-1,-1,-1
793,137,726.436,194.819,43.223,36.695,1,-1,-1,-1
794,130,201.150,0.725,197.531,164.935,1,-1,-1,-1
794,137,728.703,198.103,47.745,36.679,1,-1,-1,-1
795,130,195.787,0.135,198.179,165.179,1,-1,-1,-1
796,130,188.351,2.393,200.006,169.171,1,-1,-1,-1
797,130,181.587,2.686,201.573,172.331,1,-1,-1,-1
798,130,176.709,1.456,201.872,173.440,1,-1,-1,-1
799,130,175.017,1.110,201.716,174.705,1,-1,-1,-1
800,130,171.783,1.541,202.915,176.896,1,-1,-1,-1
801,130,166.868,1.290,204.150,178.487,1,-1,-1,-1
801,141,454.051,132.707,169.040,207.087,1,-1,-1,-1
802,130,161.364,6.970,207.546,188.207,1,-1,-1,-1
803,130,156.607,4.045,207.733,190.704,1,-1,-1,-1
804,130,152.859,-0.092,207.859,188.716,1,-1,-1,-1
805,130,151.409,-1.216,207.885,187.478,1,-1,-1,-1
806,130,147.163,0.056,208.694,188.846,1,-1,-1,-1
807,130,141.510,-1.021,210.015,187.865,1,-1,-1,-1
807,144,423.530,124.205,243.368,250.827,1,-1,-1,-1
808,130,134.571,-0.241,210.910,188.717,1,-1,-1,-1
808,144,423.726,125.098,239.276,240.516,1,-1,-1,-1
809,130,127.951,0.892,211.675,190.783,1,-1,-1,-1
809,144,421.607,127.329,234.510,230.828,1,-1,-1,-1
810,130,118.255,1.904,214.101,193.818,1,-1,-1,-1
810,144,414.064,129.391,238.323,228.108,1,-1,-1,-1
811,130,114.272,1.422,215.266,195.494,1,-1,-1,-1
811,144,411.148,130.850,240.706,226.050,1,-1,-1,-1
812,130,108.609,1.866,215.529,198.006,1,-1,-1,-1
812,144,408.979,128.159,237.710,214.546,1,-1,-1,-1
813,130,101.031,0.102,216.770,197.734,1,-1,-1,-1
813,144,400.613,132.173,239.725,212.400,1,-1,-1,-1
814,130,91.871,-0.703,218.677,197.297,1,-1,-1,-1
814,144,391.996,133.105,238.391,204.337,1,-1,-1,-1
815,130,83.699,-1.028,219.453,196.837,1,-1,-1,-1
815,144,385.966,137.724,236.804,197.620,1,-1,-1,-1
816,130,73.259,5.441,222.802,205.820,1,-1,-1,-1
816,144,381.927,142.061,231.473,193.826,1,-1,-1,-1
817,130,69.093,5.737,224.901,211.739,1,-1,-1,-1
817,144,381.564,144.230,227.811,191.188,1,-1,-1,-1
818,130,56.880,5.978,227.193,217.853,1,-1,-1,-1
818,144,372.682,147.512,226.878,187.470,1,-1,-1,-1
